+15141111111
+12502042500
+12502042501
+12502042502
+12502042503
+12502042504
+12502042505
+12502042506
+12502042507
+12502042508
+12502042509
+12502042510
+12502042511
+12502042512
+12502042513
+12502042514
+12502042515
+12502042516
+12502042517
+12502042518
+12502042519
+12502042520
+12502042521
+12502042522
+12502042523
+12502042524
+12502042525
+12502042526
+12502042527
+12502042528
+12502042529
+12502042530
+12502042531
+12502042532
+12502042533
+12502042534
+12502042535
+12502042536
+12502042537
+12502042538
+12502042539
+12502042540
+12502042541
+12502042542
+12502042543
+12502042544
+12502042545
+12502042546
+12502042547
+12502042548
+12502042549
+12502042550
+12502042551
+12502042552
+12502042553
+12502042554
+12502042555
+12502042556
+12502042557
+12502042558
+12502042559
+12502042560
+12502042561
+12502042562
+12502042563
+12502042564
+12502042565
+12502042566
+12502042567
+12502042568
+12502042569
+12502042570
+12502042571
+12502042572
+12502042573
+12502042574
+12502042575
+12502042576
+12502042577
+12502042578
+12502042579
+12502042580
+12502042581
+12502042582
+12502042583
+12502042584
+12502042585
+12502042586
+12502042587
+12502042588
+12502042589
+12502042590
+12502042591
+12502042592
+12502042593
+12502042594
+12502042595
+12502042596
+12502042597
+12502042598
+12502042599
+12502042600
+12502042601
+12502042602
+12502042603
+12502042604
+12502042605
+12502042606
+12502042607
+12502042608
+12502042609
+12502042610
+12502042611
+12502042612
+12502042613
+12502042614
+12502042615
+12502042616
+12502042617
+12502042618
+12502042619
+12502042620
+12502042621
+12502042622
+12502042623
+12502042624
+12502042625
+12502042626
+12502042627
+12502042628
+12502042629
+12502042630
+12502042631
+12502042632
+12502042633
+12502042634
+12502042635
+12502042636
+12502042637
+12502042638
+12502042639
+12502042640
+12502042641
+12502042642
+12502042643
+12502042644
+12502042645
+12502042646
+12502042647
+12502042648
+12502042649
+12502042650
+12502042651
+12502042652
+12502042653
+12502042654
+12502042655
+12502042656
+12502042657
+12502042658
+12502042659
+12502042660
+12502042661
+12502042662
+12502042663
+12502042664
+12502042665
+12502042666
+12502042667
+12502042668
+12502042669
+12502042670
+12502042671
+12502042672
+12502042673
+12502042674
+12502042675
+12502042676
+12502042677
+12502042678
+12502042679
+12502042680
+12502042681
+12502042682
+12502042683
+12502042684
+12502042685
+12502042686
+12502042687
+12502042688
+12502042689
+12502042690
+12502042691
+12502042692
+12502042693
+12502042694
+12502042695
+12502042696
+12502042697
+12502042698
+12502042699
+12502042700
+12502042701
+12502042702
+12502042703
+12502042704
+12502042705
+12502042706
+12502042707
+12502042708
+12502042709
+12502042710
+12502042711
+12502042712
+12502042713
+12502042714
+12502042715
+12502042716
+12502042717
+12502042718
+12502042719
+12502042720
+12502042721
+12502042722
+12502042723
+12502042724
+12502042725
+12502042726
+12502042727
+12502042728
+12502042729
+12502042730
+12502042731
+12502042732
+12502042733
+12502042734
+12502042735
+12502042736
+12502042737
+12502042738
+12502042739
+12502042740
+12502042741
+12502042742
+12502042743
+12502042744
+12502042745
+12502042746
+12502042747
+12502042748
+12502042749
+12502042750
+12502042751
+12502042752
+12502042753
+12502042754
+12502042755
+12502042756
+12502042757
+12502042758
+12502042759
+12502042760
+12502042761
+12502042762
+12502042763
+12502042764
+12502042765
+12502042766
+12502042767
+12502042768
+12502042769
+12502042770
+12502042771
+12502042772
+12502042773
+12502042774
+12502042775
+12502042776
+12502042777
+12502042778
+12502042779
+12502042780
+12502042781
+12502042782
+12502042783
+12502042784
+12502042785
+12502042786
+12502042787
+12502042788
+12502042789
+12502042790
+12502042791
+12502042792
+12502042793
+12502042794
+12502042795
+12502042796
+12502042797
+12502042798
+12502042799
+12502042800
+12502042801
+12502042802
+12502042803
+12502042804
+12502042805
+12502042806
+12502042807
+12502042808
+12502042809
+12502042810
+12502042811
+12502042812
+12502042813
+12502042814
+12502042815
+12502042816
+12502042817
+12502042818
+12502042819
+12502042820
+12502042821
+12502042822
+12502042823
+12502042824
+12502042825
+12502042826
+12502042827
+12502042828
+12502042829
+12502042830
+12502042831
+12502042832
+12502042833
+12502042834
+12502042835
+12502042836
+12502042837
+12502042838
+12502042839
+12502042840
+12502042841
+12502042842
+12502042843
+12502042844
+12502042845
+12502042846
+12502042847
+12502042848
+12502042849
+12502042850
+12502042851
+12502042852
+12502042853
+12502042854
+12502042855
+12502042856
+12502042857
+12502042858
+12502042859
+12502042860
+12502042861
+12502042862
+12502042863
+12502042864
+12502042865
+12502042866
+12502042867
+12502042868
+12502042869
+12502042870
+12502042871
+12502042872
+12502042873
+12502042874
+12502042875
+12502042876
+12502042877
+12502042878
+12502042879
+12502042880
+12502042881
+12502042882
+12502042883
+12502042884
+12502042885
+12502042886
+12502042887
+12502042888
+12502042889
+12502042890
+12502042891
+12502042892
+12502042893
+12502042894
+12502042895
+12502042896
+12502042897
+12502042898
+12502042899
+12502042900
+12502042901
+12502042902
+12502042903
+12502042904
+12502042905
+12502042906
+12502042907
+12502042908
+12502042909
+12502042910
+12502042911
+12502042912
+12502042913
+12502042914
+12502042915
+12502042916
+12502042917
+12502042918
+12502042919
+12502042920
+12502042921
+12502042922
+12502042923
+12502042924
+12502042925
+12502042926
+12502042927
+12502042928
+12502042929
+12502042930
+12502042931
+12502042932
+12502042933
+12502042934
+12502042935
+12502042936
+12502042937
+12502042938
+12502042939
+12502042940
+12502042941
+12502042942
+12502042943
+12502042944
+12502042945
+12502042946
+12502042947
+12502042948
+12502042949
+12502042950
+12502042951
+12502042952
+12502042953
+12502042954
+12502042955
+12502042956
+12502042957
+12502042958
+12502042959
+12502042960
+12502042961
+12502042962
+12502042963
+12502042964
+12502042965
+12502042966
+12502042967
+12502042968
+12502042969
+12502042970
+12502042971
+12502042972
+12502042973
+12502042974
+12502042975
+12502042976
+12502042977
+12502042978
+12502042979
+12502042980
+12502042981
+12502042982
+12502042983
+12502042984
+12502042985
+12502042986
+12502042987
+12502042988
+12502042989
+12502042990
+12502042991
+12502042992
+12502042993
+12502042994
+12502042995
+12502042996
+12502042997
+15141111111
+12502042998
+12502042999
+12502043000
+12502043001
+12502043002
+12502043003
+12502043004
+12502043005
+12502043006
+12502043007
+12502043008
+12502043009
+12502043010
+12502043011
+12502043012
+12502043013
+12502043014
+12502043015
+12502043016
+12502043017
+12502043018
+12502043019
+12502043020
+12502043021
+12502043022
+12502043023
+12502043024
+12502043025
+12502043026
+12502043027
+12502043028
+12502043029
+12502043030
+12502043031
+12502043032
+12502043033
+12502043034
+12502043035
+12502043036
+12502043037
+12502043038
+12502043039
+12502043040
+12502043041
+12502043042
+12502043043
+12502043044
+12502043045
+12502043046
+12502043047
+12502043048
+12502043049
+12502043050
+12502043051
+12502043052
+12502043053
+12502043054
+12502043055
+12502043056
+12502043057
+12502043058
+12502043059
+12502043060
+12502043061
+12502043062
+12502043063
+12502043064
+12502043065
+12502043066
+12502043067
+12502043068
+12502043069
+12502043070
+12502043071
+12502043072
+12502043073
+12502043074
+12502043075
+12502043076
+12502043077
+12502043078
+12502043079
+12502043080
+12502043081
+12502043082
+12502043083
+12502043084
+12502043085
+12502043086
+12502043087
+12502043088
+12502043089
+12502043090
+12502043091
+12502043092
+12502043093
+12502043094
+12502043095
+12502043096
+12502043097
+12502043098
+12502043099
+12502043100
+12502043101
+12502043102
+12502043103
+12502043104
+12502043105
+12502043106
+12502043107
+12502043108
+12502043109
+12502043110
+12502043111
+12502043112
+12502043113
+12502043114
+12502043115
+12502043116
+12502043117
+12502043118
+12502043119
+12502043120
+12502043121
+12502043122
+12502043123
+12502043124
+12502043125
+12502043126
+12502043127
+12502043128
+12502043129
+12502043130
+12502043131
+12502043132
+12502043133
+12502043134
+12502043135
+12502043136
+12502043137
+12502043138
+12502043139
+12502043140
+12502043141
+12502043142
+12502043143
+12502043144
+12502043145
+12502043146
+12502043147
+12502043148
+12502043149
+12502043150
+12502043151
+12502043152
+12502043153
+12502043154
+12502043155
+12502043156
+12502043157
+12502043158
+12502043159
+12502043160
+12502043161
+12502043162
+12502043163
+12502043164
+12502043165
+12502043166
+12502043167
+12502043168
+12502043169
+12502043170
+12502043171
+12502043172
+12502043173
+12502043174
+12502043175
+12502043176
+12502043177
+12502043178
+12502043179
+12502043180
+12502043181
+12502043182
+12502043183
+12502043184
+12502043185
+12502043186
+12502043187
+12502043188
+12502043189
+12502043190
+12502043191
+12502043192
+12502043193
+12502043194
+12502043195
+12502043196
+12502043197
+12502043198
+12502043199
+12502043200
+12502043201
+12502043202
+12502043203
+12502043204
+12502043205
+12502043206
+12502043207
+12502043208
+12502043209
+12502043210
+12502043211
+12502043212
+12502043213
+12502043214
+12502043215
+12502043216
+12502043217
+12502043218
+12502043219
+12502043220
+12502043221
+12502043222
+12502043223
+12502043224
+12502043225
+12502043226
+12502043227
+12502043228
+12502043229
+12502043230
+12502043231
+12502043232
+12502043233
+12502043234
+12502043235
+12502043236
+12502043237
+12502043238
+12502043239
+12502043240
+12502043241
+12502043242
+12502043243
+12502043244
+12502043245
+12502043246
+12502043247
+12502043248
+12502043249
+12502043250
+12502043251
+12502043252
+12502043253
+12502043254
+12502043255
+12502043256
+12502043257
+12502043258
+12502043259
+12502043260
+12502043261
+12502043262
+12502043263
+12502043264
+12502043265
+12502043266
+12502043267
+12502043268
+12502043269
+12502043270
+12502043271
+12502043272
+12502043273
+12502043274
+12502043275
+12502043276
+12502043277
+12502043278
+12502043279
+12502043280
+12502043281
+12502043282
+12502043283
+12502043284
+12502043285
+12502043286
+12502043287
+12502043288
+12502043289
+12502043290
+12502043291
+12502043292
+12502043293
+12502043294
+12502043295
+12502043296
+12502043297
+12502043298
+12502043299
+12502043300
+12502043301
+12502043302
+12502043303
+12502043304
+12502043305
+12502043306
+12502043307
+12502043308
+12502043309
+12502043310
+12502043311
+12502043312
+12502043313
+12502043314
+12502043315
+12502043316
+12502043317
+12502043318
+12502043319
+12502043320
+12502043321
+12502043322
+12502043323
+12502043324
+12502043325
+12502043326
+12502043327
+12502043328
+12502043329
+12502043330
+12502043331
+12502043332
+12502043333
+12502043334
+12502043335
+12502043336
+12502043337
+12502043338
+12502043339
+12502043340
+12502043341
+12502043342
+12502043343
+12502043344
+12502043345
+12502043346
+12502043347
+12502043348
+12502043349
+12502043350
+12502043351
+12502043352
+12502043353
+12502043354
+12502043355
+12502043356
+12502043357
+12502043358
+12502043359
+12502043360
+12502043361
+12502043362
+12502043363
+12502043364
+12502043365
+12502043366
+12502043367
+12502043368
+12502043369
+12502043370
+12502043371
+12502043372
+12502043373
+12502043374
+12502043375
+12502043376
+12502043377
+12502043378
+12502043379
+12502043380
+12502043381
+12502043382
+12502043383
+12502043384
+12502043385
+12502043386
+12502043387
+12502043388
+12502043389
+12502043390
+12502043391
+12502043392
+12502043393
+12502043394
+12502043395
+12502043396
+12502043397
+12502043398
+12502043399
+12502043400
+12502043401
+12502043402
+12502043403
+12502043404
+12502043405
+12502043406
+12502043407
+12502043408
+12502043409
+12502043410
+12502043411
+12502043412
+12502043413
+12502043414
+12502043415
+12502043416
+12502043417
+12502043418
+12502043419
+12502043420
+12502043421
+12502043422
+12502043423
+12502043424
+12502043425
+12502043426
+12502043427
+12502043428
+12502043429
+12502043430
+12502043431
+12502043432
+12502043433
+12502043434
+12502043435
+12502043436
+12502043437
+12502043438
+12502043439
+12502043440
+12502043441
+12502043442
+12502043443
+12502043444
+12502043445
+12502043446
+12502043447
+12502043448
+12502043449
+12502043450
+12502043451
+12502043452
+12502043453
+12502043454
+12502043455
+12502043456
+12502043457
+12502043458
+12502043459
+12502043460
+12502043461
+12502043462
+12502043463
+12502043464
+12502043465
+12502043466
+12502043467
+12502043468
+12502043469
+12502043470
+12502043471
+12502043472
+12502043473
+12502043474
+12502043475
+12502043476
+12502043477
+12502043478
+12502043479
+12502043480
+12502043481
+12502043482
+12502043483
+12502043484
+12502043485
+12502043486
+12502043487
+12502043488
+12502043489
+12502043490
+12502043491
+12502043492
+12502043493
+12502043494
+12502043495
+12502043496
+12502043497
+12502043498
+12502043499
+12502043500
+12502043501
+12502043502
+12502043503
+12502043504
+12502043505
+12502043506
+12502043507
+12502043508
+12502043509
+12502043510
+12502043511
+12502043512
+12502043513
+12502043514
+12502043515
+12502043516
+12502043517
+12502043518
+12502043519
+12502043520
+12502043521
+12502043522
+12502043523
+12502043524
+12502043525
+12502043526
+12502043527
+12502043528
+12502043529
+12502043530
+12502043531
+12502043532
+12502043533
+12502043534
+12502043535
+12502043536
+12502043537
+12502043538
+12502043539
+12502043540
+12502043541
+12502043542
+12502043543
+12502043544
+12502043545
+12502043546
+12502043547
+12502043548
+12502043549
+12502043550
+12502043551
+12502043552
+12502043553
+12502043554
+12502043555
+12502043556
+12502043557
+12502043558
+12502043559
+12502043560
+12502043561
+12502043562
+12502043563
+12502043564
+12502043565
+12502043566
+12502043567
+12502043568
+12502043569
+12502043570
+12502043571
+12502043572
+12502043573
+12502043574
+12502043575
+12502043576
+12502043577
+12502043578
+12502043579
+12502043580
+12502043581
+12502043582
+12502043583
+12502043584
+12502043585
+12502043586
+12502043587
+12502043588
+12502043589
+12502043590
+12502043591
+12502043592
+12502043593
+12502043594
+12502043595
+12502043596
+12502043597
+12502043598
+12502043599
+12502043600
+12502043601
+12502043602
+12502043603
+12502043604
+12502043605
+12502043606
+12502043607
+12502043608
+12502043609
+12502043610
+12502043611
+12502043612
+12502043613
+12502043614
+12502043615
+12502043616
+12502043617
+12502043618
+12502043619
+12502043620
+12502043621
+12502043622
+12502043623
+12502043624
+12502043625
+12502043626
+12502043627
+12502043628
+12502043629
+12502043630
+12502043631
+12502043632
+12502043633
+12502043634
+12502043635
+12502043636
+12502043637
+12502043638
+12502043639
+12502043640
+12502043641
+12502043642
+12502043643
+12502043644
+12502043645
+12502043646
+12502043647
+12502043648
+12502043649
+12502043650
+12502043651
+12502043652
+12502043653
+12502043654
+12502043655
+12502043656
+12502043657
+12502043658
+12502043659
+12502043660
+12502043661
+12502043662
+12502043663
+12502043664
+12502043665
+12502043666
+12502043667
+12502043668
+12502043669
+12502043670
+12502043671
+12502043672
+12502043673
+12502043674
+12502043675
+12502043676
+12502043677
+12502043678
+12502043679
+12502043680
+12502043681
+12502043682
+12502043683
+12502043684
+12502043685
+12502043686
+12502043687
+12502043688
+12502043689
+12502043690
+12502043691
+12502043692
+12502043693
+12502043694
+12502043695
+12502043696
+12502043697
+12502043698
+12502043699
+12502043700
+12502043701
+12502043702
+12502043703
+12502043704
+12502043705
+12502043706
+12502043707
+12502043708
+12502043709
+12502043710
+12502043711
+12502043712
+12502043713
+12502043714
+12502043715
+12502043716
+12502043717
+12502043718
+12502043719
+12502043720
+12502043721
+12502043722
+12502043723
+12502043724
+12502043725
+12502043726
+12502043727
+12502043728
+12502043729
+12502043730
+12502043731
+12502043732
+12502043733
+12502043734
+12502043735
+12502043736
+12502043737
+12502043738
+12502043739
+12502043740
+12502043741
+12502043742
+12502043743
+12502043744
+12502043745
+12502043746
+12502043747
+12502043748
+12502043749
+12502043750
+12502043751
+12502043752
+12502043753
+12502043754
+12502043755
+12502043756
+12502043757
+12502043758
+12502043759
+12502043760
+12502043761
+12502043762
+12502043763
+12502043764
+12502043765
+12502043766
+12502043767
+12502043768
+12502043769
+12502043770
+12502043771
+12502043772
+12502043773
+12502043774
+12502043775
+12502043776
+12502043777
+12502043778
+12502043779
+12502043780
+12502043781
+12502043782
+12502043783
+12502043784
+12502043785
+12502043786
+12502043787
+12502043788
+12502043789
+12502043790
+12502043791
+12502043792
+12502043793
+12502043794
+12502043795
+12502043796
+12502043797
+12502043798
+12502043799
+12502043800
+12502043801
+12502043802
+12502043803
+12502043804
+12502043805
+12502043806
+12502043807
+12502043808
+12502043809
+12502043810
+12502043811
+12502043812
+12502043813
+12502043814
+12502043815
+12502043816
+12502043817
+12502043818
+12502043819
+12502043820
+12502043821
+12502043822
+12502043823
+12502043824
+12502043825
+12502043826
+12502043827
+12502043828
+12502043829
+12502043830
+12502043831
+12502043832
+12502043833
+12502043834
+12502043835
+12502043836
+12502043837
+12502043838
+12502043839
+12502043840
+12502043841
+12502043842
+12502043843
+12502043844
+12502043845
+12502043846
+12502043847
+12502043848
+12502043849
+12502043850
+12502043851
+12502043852
+12502043853
+12502043854
+12502043855
+12502043856
+12502043857
+12502043858
+12502043859
+12502043860
+12502043861
+12502043862
+12502043863
+12502043864
+12502043865
+12502043866
+12502043867
+12502043868
+12502043869
+12502043870
+12502043871
+12502043872
+12502043873
+12502043874
+12502043875
+12502043876
+12502043877
+12502043878
+12502043879
+12502043880
+12502043881
+12502043882
+12502043883
+12502043884
+12502043885
+12502043886
+12502043887
+12502043888
+12502043889
+12502043890
+12502043891
+12502043892
+12502043893
+12502043894
+12502043895
+12502043896
+12502043897
+12502043898
+12502043899
+12502043900
+12502043901
+12502043902
+12502043903
+12502043904
+12502043905
+12502043906
+12502043907
+12502043908
+12502043909
+12502043910
+12502043911
+12502043912
+12502043913
+12502043914
+12502043915
+12502043916
+12502043917
+12502043918
+12502043919
+12502043920
+12502043921
+12502043922
+12502043923
+12502043924
+12502043925
+12502043926
+12502043927
+12502043928
+12502043929
+12502043930
+12502043931
+12502043932
+12502043933
+12502043934
+12502043935
+12502043936
+12502043937
+12502043938
+12502043939
+12502043940
+12502043941
+12502043942
+12502043943
+12502043944
+12502043945
+12502043946
+12502043947
+12502043948
+12502043949
+12502043950
+12502043951
+12502043952
+12502043953
+12502043954
+12502043955
+12502043956
+12502043957
+12502043958
+12502043959
+12502043960
+12502043961
+12502043962
+12502043963
+12502043964
+12502043965
+12502043966
+12502043967
+12502043968
+12502043969
+12502043970
+12502043971
+12502043972
+12502043973
+12502043974
+12502043975
+12502043976
+12502043977
+12502043978
+12502043979
+12502043980
+12502043981
+12502043982
+12502043983
+12502043984
+12502043985
+12502043986
+12502043987
+12502043988
+12502043989
+12502043990
+12502043991
+12502043992
+12502043993
+12502043994
+12502043995
+12502043996
+15141111111
+12502043997
+12502043998
+12502043999
+12502044000
+12502044001
+12502044002
+12502044003
+12502044004
+12502044005
+12502044006
+12502044007
+12502044008
+12502044009
+12502044010
+12502044011
+12502044012
+12502044013
+12502044014
+12502044015
+12502044016
+12502044017
+12502044018
+12502044019
+12502044020
+12502044021
+12502044022
+12502044023
+12502044024
+12502044025
+12502044026
+12502044027
+12502044028
+12502044029
+12502044030
+12502044031
+12502044032
+12502044033
+12502044034
+12502044035
+12502044036
+12502044037
+12502044038
+12502044039
+12502044040
+12502044041
+12502044042
+12502044043
+12502044044
+12502044045
+12502044046
+12502044047
+12502044048
+12502044049
+12502044050
+12502044051
+12502044052
+12502044053
+12502044054
+12502044055
+12502044056
+12502044057
+12502044058
+12502044059
+12502044060
+12502044061
+12502044062
+12502044063
+12502044064
+12502044065
+12502044066
+12502044067
+12502044068
+12502044069
+12502044070
+12502044071
+12502044072
+12502044073
+12502044074
+12502044075
+12502044076
+12502044077
+12502044078
+12502044079
+12502044080
+12502044081
+12502044082
+12502044083
+12502044084
+12502044085
+12502044086
+12502044087
+12502044088
+12502044089
+12502044090
+12502044091
+12502044092
+12502044093
+12502044094
+12502044095
+12502044096
+12502044097
+12502044098
+12502044099
+12502044100
+12502044101
+12502044102
+12502044103
+12502044104
+12502044105
+12502044106
+12502044107
+12502044108
+12502044109
+12502044110
+12502044111
+12502044112
+12502044113
+12502044114
+12502044115
+12502044116
+12502044117
+12502044118
+12502044119
+12502044120
+12502044121
+12502044122
+12502044123
+12502044124
+12502044125
+12502044126
+12502044127
+12502044128
+12502044129
+12502044130
+12502044131
+12502044132
+12502044133
+12502044134
+12502044135
+12502044136
+12502044137
+12502044138
+12502044139
+12502044140
+12502044141
+12502044142
+12502044143
+12502044144
+12502044145
+12502044146
+12502044147
+12502044148
+12502044149
+12502044150
+12502044151
+12502044152
+12502044153
+12502044154
+12502044155
+12502044156
+12502044157
+12502044158
+12502044159
+12502044160
+12502044161
+12502044162
+12502044163
+12502044164
+12502044165
+12502044166
+12502044167
+12502044168
+12502044169
+12502044170
+12502044171
+12502044172
+12502044173
+12502044174
+12502044175
+12502044176
+12502044177
+12502044178
+12502044179
+12502044180
+12502044181
+12502044182
+12502044183
+12502044184
+12502044185
+12502044186
+12502044187
+12502044188
+12502044189
+12502044190
+12502044191
+12502044192
+12502044193
+12502044194
+12502044195
+12502044196
+12502044197
+12502044198
+12502044199
+12502044200
+12502044201
+12502044202
+12502044203
+12502044204
+12502044205
+12502044206
+12502044207
+12502044208
+12502044209
+12502044210
+12502044211
+12502044212
+12502044213
+12502044214
+12502044215
+12502044216
+12502044217
+12502044218
+12502044219
+12502044220
+12502044221
+12502044222
+12502044223
+12502044224
+12502044225
+12502044226
+12502044227
+12502044228
+12502044229
+12502044230
+12502044231
+12502044232
+12502044233
+12502044234
+12502044235
+12502044236
+12502044237
+12502044238
+12502044239
+12502044240
+12502044241
+12502044242
+12502044243
+12502044244
+12502044245
+12502044246
+12502044247
+12502044248
+12502044249
+12502044250
+12502044251
+12502044252
+12502044253
+12502044254
+12502044255
+12502044256
+12502044257
+12502044258
+12502044259
+12502044260
+12502044261
+12502044262
+12502044263
+12502044264
+12502044265
+12502044266
+12502044267
+12502044268
+12502044269
+12502044270
+12502044271
+12502044272
+12502044273
+12502044274
+12502044275
+12502044276
+12502044277
+12502044278
+12502044279
+12502044280
+12502044281
+12502044282
+12502044283
+12502044284
+12502044285
+12502044286
+12502044287
+12502044288
+12502044289
+12502044290
+12502044291
+12502044292
+12502044293
+12502044294
+12502044295
+12502044296
+12502044297
+12502044298
+12502044299
+12502044300
+12502044301
+12502044302
+12502044303
+12502044304
+12502044305
+12502044306
+12502044307
+12502044308
+12502044309
+12502044310
+12502044311
+12502044312
+12502044313
+12502044314
+12502044315
+12502044316
+12502044317
+12502044318
+12502044319
+12502044320
+12502044321
+12502044322
+12502044323
+12502044324
+12502044325
+12502044326
+12502044327
+12502044328
+12502044329
+12502044330
+12502044331
+12502044332
+12502044333
+12502044334
+12502044335
+12502044336
+12502044337
+12502044338
+12502044339
+12502044340
+12502044341
+12502044342
+12502044343
+12502044344
+12502044345
+12502044346
+12502044347
+12502044348
+12502044349
+12502044350
+12502044351
+12502044352
+12502044353
+12502044354
+12502044355
+12502044356
+12502044357
+12502044358
+12502044359
+12502044360
+12502044361
+12502044362
+12502044363
+12502044364
+12502044365
+12502044366
+12502044367
+12502044368
+12502044369
+12502044370
+12502044371
+12502044372
+12502044373
+12502044374
+12502044375
+12502044376
+12502044377
+12502044378
+12502044379
+12502044380
+12502044381
+12502044382
+12502044383
+12502044384
+12502044385
+12502044386
+12502044387
+12502044388
+12502044389
+12502044390
+12502044391
+12502044392
+12502044393
+12502044394
+12502044395
+12502044396
+12502044397
+12502044398
+12502044399
+12502044400
+12502044401
+12502044402
+12502044403
+12502044404
+12502044405
+12502044406
+12502044407
+12502044408
+12502044409
+12502044410
+12502044411
+12502044412
+12502044413
+12502044414
+12502044415
+12502044416
+12502044417
+12502044418
+12502044419
+12502044420
+12502044421
+12502044422
+12502044423
+12502044424
+12502044425
+12502044426
+12502044427
+12502044428
+12502044429
+12502044430
+12502044431
+12502044432
+12502044433
+12502044434
+12502044435
+12502044436
+12502044437
+12502044438
+12502044439
+12502044440
+12502044441
+12502044442
+12502044443
+12502044444
+12502044445
+12502044446
+12502044447
+12502044448
+12502044449
+12502044450
+12502044451
+12502044452
+12502044453
+12502044454
+12502044455
+12502044456
+12502044457
+12502044458
+12502044459
+12502044460
+12502044461
+12502044462
+12502044463
+12502044464
+12502044465
+12502044466
+12502044467
+12502044468
+12502044469
+12502044470
+12502044471
+12502044472
+12502044473
+12502044474
+12502044475
+12502044476
+12502044477
+12502044478
+12502044479
+12502044480
+12502044481
+12502044482
+12502044483
+12502044484
+12502044485
+12502044486
+12502044487
+12502044488
+12502044489
+12502044490
+12502044491
+12502044492
+12502044493
+12502044494
+12502044495
+12502044496
+12502044497
+12502044498
+12502044499
+12502044500
+12502044501
+12502044502
+12502044503
+12502044504
+12502044505
+12502044506
+12502044507
+12502044508
+12502044509
+12502044510
+12502044511
+12502044512
+12502044513
+12502044514
+12502044515
+12502044516
+12502044517
+12502044518
+12502044519
+12502044520
+12502044521
+12502044522
+12502044523
+12502044524
+12502044525
+12502044526
+12502044527
+12502044528
+12502044529
+12502044530
+12502044531
+12502044532
+12502044533
+12502044534
+12502044535
+12502044536
+12502044537
+12502044538
+12502044539
+12502044540
+12502044541
+12502044542
+12502044543
+12502044544
+12502044545
+12502044546
+12502044547
+12502044548
+12502044549
+12502044550
+12502044551
+12502044552
+12502044553
+12502044554
+12502044555
+12502044556
+12502044557
+12502044558
+12502044559
+12502044560
+12502044561
+12502044562
+12502044563
+12502044564
+12502044565
+12502044566
+12502044567
+12502044568
+12502044569
+12502044570
+12502044571
+12502044572
+12502044573
+12502044574
+12502044575
+12502044576
+12502044577
+12502044578
+12502044579
+12502044580
+12502044581
+12502044582
+12502044583
+12502044584
+12502044585
+12502044586
+12502044587
+12502044588
+12502044589
+12502044590
+12502044591
+12502044592
+12502044593
+12502044594
+12502044595
+12502044596
+12502044597
+12502044598
+12502044599
+12502044600
+12502044601
+12502044602
+12502044603
+12502044604
+12502044605
+12502044606
+12502044607
+12502044608
+12502044609
+12502044610
+12502044611
+12502044612
+12502044613
+12502044614
+12502044615
+12502044616
+12502044617
+12502044618
+12502044619
+12502044620
+12502044621
+12502044622
+12502044623
+12502044624
+12502044625
+12502044626
+12502044627
+12502044628
+12502044629
+12502044630
+12502044631
+12502044632
+12502044633
+12502044634
+12502044635
+12502044636
+12502044637
+12502044638
+12502044639
+12502044640
+12502044641
+12502044642
+12502044643
+12502044644
+12502044645
+12502044646
+12502044647
+12502044648
+12502044649
+12502044650
+12502044651
+12502044652
+12502044653
+12502044654
+12502044655
+12502044656
+12502044657
+12502044658
+12502044659
+12502044660
+12502044661
+12502044662
+12502044663
+12502044664
+12502044665
+12502044666
+12502044667
+12502044668
+12502044669
+12502044670
+12502044671
+12502044672
+12502044673
+12502044674
+12502044675
+12502044676
+12502044677
+12502044678
+12502044679
+12502044680
+12502044681
+12502044682
+12502044683
+12502044684
+12502044685
+12502044686
+12502044687
+12502044688
+12502044689
+12502044690
+12502044691
+12502044692
+12502044693
+12502044694
+12502044695
+12502044696
+12502044697
+12502044698
+12502044699
+12502044700
+12502044701
+12502044702
+12502044703
+12502044704
+12502044705
+12502044706
+12502044707
+12502044708
+12502044709
+12502044710
+12502044711
+12502044712
+12502044713
+12502044714
+12502044715
+12502044716
+12502044717
+12502044718
+12502044719
+12502044720
+12502044721
+12502044722
+12502044723
+12502044724
+12502044725
+12502044726
+12502044727
+12502044728
+12502044729
+12502044730
+12502044731
+12502044732
+12502044733
+12502044734
+12502044735
+12502044736
+12502044737
+12502044738
+12502044739
+12502044740
+12502044741
+12502044742
+12502044743
+12502044744
+12502044745
+12502044746
+12502044747
+12502044748
+12502044749
+12502044750
+12502044751
+12502044752
+12502044753
+12502044754
+12502044755
+12502044756
+12502044757
+12502044758
+12502044759
+12502044760
+12502044761
+12502044762
+12502044763
+12502044764
+12502044765
+12502044766
+12502044767
+12502044768
+12502044769
+12502044770
+12502044771
+12502044772
+12502044773
+12502044774
+12502044775
+12502044776
+12502044777
+12502044778
+12502044779
+12502044780
+12502044781
+12502044782
+12502044783
+12502044784
+12502044785
+12502044786
+12502044787
+12502044788
+12502044789
+12502044790
+12502044791
+12502044792
+12502044793
+12502044794
+12502044795
+12502044796
+12502044797
+12502044798
+12502044799
+12502044800
+12502044801
+12502044802
+12502044803
+12502044804
+12502044805
+12502044806
+12502044807
+12502044808
+12502044809
+12502044810
+12502044811
+12502044812
+12502044813
+12502044814
+12502044815
+12502044816
+12502044817
+12502044818
+12502044819
+12502044820
+12502044821
+12502044822
+12502044823
+12502044824
+12502044825
+12502044826
+12502044827
+12502044828
+12502044829
+12502044830
+12502044831
+12502044832
+12502044833
+12502044834
+12502044835
+12502044836
+12502044837
+12502044838
+12502044839
+12502044840
+12502044841
+12502044842
+12502044843
+12502044844
+12502044845
+12502044846
+12502044847
+12502044848
+12502044849
+12502044850
+12502044851
+12502044852
+12502044853
+12502044854
+12502044855
+12502044856
+12502044857
+12502044858
+12502044859
+12502044860
+12502044861
+12502044862
+12502044863
+12502044864
+12502044865
+12502044866
+12502044867
+12502044868
+12502044869
+12502044870
+12502044871
+12502044872
+12502044873
+12502044874
+12502044875
+12502044876
+12502044877
+12502044878
+12502044879
+12502044880
+12502044881
+12502044882
+12502044883
+12502044884
+12502044885
+12502044886
+12502044887
+12502044888
+12502044889
+12502044890
+12502044891
+12502044892
+12502044893
+12502044894
+12502044895
+12502044896
+12502044897
+12502044898
+12502044899
+12502044900
+12502044901
+12502044902
+12502044903
+12502044904
+12502044905
+12502044906
+12502044907
+12502044908
+12502044909
+12502044910
+12502044911
+12502044912
+12502044913
+12502044914
+12502044915
+12502044916
+12502044917
+12502044918
+12502044919
+12502044920
+12502044921
+12502044922
+12502044923
+12502044924
+12502044925
+12502044926
+12502044927
+12502044928
+12502044929
+12502044930
+12502044931
+12502044932
+12502044933
+12502044934
+12502044935
+12502044936
+12502044937
+12502044938
+12502044939
+12502044940
+12502044941
+12502044942
+12502044943
+12502044944
+12502044945
+12502044946
+12502044947
+12502044948
+12502044949
+12502044950
+12502044951
+12502044952
+12502044953
+12502044954
+12502044955
+12502044956
+12502044957
+12502044958
+12502044959
+12502044960
+12502044961
+12502044962
+12502044963
+12502044964
+12502044965
+12502044966
+12502044967
+12502044968
+12502044969
+12502044970
+12502044971
+12502044972
+12502044973
+12502044974
+12502044975
+12502044976
+12502044977
+12502044978
+12502044979
+12502044980
+12502044981
+12502044982
+12502044983
+12502044984
+12502044985
+12502044986
+12502044987
+12502044988
+12502044989
+12502044990
+12502044991
+12502044992
+12502044993
+12502044994
+12502044995
+15141111111
+12502044996
+12502044997
+12502044998
+15141111111
