+15141111111
+12502047499
+12502047500
+12502047501
+12502047502
+12502047503
+12502047504
+12502047505
+12502047506
+12502047507
+12502047508
+12502047509
+12502047510
+12502047511
+12502047512
+12502047513
+12502047514
+12502047515
+12502047516
+12502047517
+12502047518
+12502047519
+12502047520
+12502047521
+12502047522
+12502047523
+12502047524
+12502047525
+12502047526
+12502047527
+12502047528
+12502047529
+12502047530
+12502047531
+12502047532
+12502047533
+12502047534
+12502047535
+12502047536
+12502047537
+12502047538
+12502047539
+12502047540
+12502047541
+12502047542
+12502047543
+12502047544
+12502047545
+12502047546
+12502047547
+12502047548
+12502047549
+12502047550
+12502047551
+12502047552
+12502047553
+12502047554
+12502047555
+12502047556
+12502047557
+12502047558
+12502047559
+12502047560
+12502047561
+12502047562
+12502047563
+12502047564
+12502047565
+12502047566
+12502047567
+12502047568
+12502047569
+12502047570
+12502047571
+12502047572
+12502047573
+12502047574
+12502047575
+12502047576
+12502047577
+12502047578
+12502047579
+12502047580
+12502047581
+12502047582
+12502047583
+12502047584
+12502047585
+12502047586
+12502047587
+12502047588
+12502047589
+12502047590
+12502047591
+12502047592
+12502047593
+12502047594
+12502047595
+12502047596
+12502047597
+12502047598
+12502047599
+12502047600
+12502047601
+12502047602
+12502047603
+12502047604
+12502047605
+12502047606
+12502047607
+12502047608
+12502047609
+12502047610
+12502047611
+12502047612
+12502047613
+12502047614
+12502047615
+12502047616
+12502047617
+12502047618
+12502047619
+12502047620
+12502047621
+12502047622
+12502047623
+12502047624
+12502047625
+12502047626
+12502047627
+12502047628
+12502047629
+12502047630
+12502047631
+12502047632
+12502047633
+12502047634
+12502047635
+12502047636
+12502047637
+12502047638
+12502047639
+12502047640
+12502047641
+12502047642
+12502047643
+12502047644
+12502047645
+12502047646
+12502047647
+12502047648
+12502047649
+12502047650
+12502047651
+12502047652
+12502047653
+12502047654
+12502047655
+12502047656
+12502047657
+12502047658
+12502047659
+12502047660
+12502047661
+12502047662
+12502047663
+12502047664
+12502047665
+12502047666
+12502047667
+12502047668
+12502047669
+12502047670
+12502047671
+12502047672
+12502047673
+12502047674
+12502047675
+12502047676
+12502047677
+12502047678
+12502047679
+12502047680
+12502047681
+12502047682
+12502047683
+12502047684
+12502047685
+12502047686
+12502047687
+12502047688
+12502047689
+12502047690
+12502047691
+12502047692
+12502047693
+12502047694
+12502047695
+12502047696
+12502047697
+12502047698
+12502047699
+12502047700
+12502047701
+12502047702
+12502047703
+12502047704
+12502047705
+12502047706
+12502047707
+12502047708
+12502047709
+12502047710
+12502047711
+12502047712
+12502047713
+12502047714
+12502047715
+12502047716
+12502047717
+12502047718
+12502047719
+12502047720
+12502047721
+12502047722
+12502047723
+12502047724
+12502047725
+12502047726
+12502047727
+12502047728
+12502047729
+12502047730
+12502047731
+12502047732
+12502047733
+12502047734
+12502047735
+12502047736
+12502047737
+12502047738
+12502047739
+12502047740
+12502047741
+12502047742
+12502047743
+12502047744
+12502047745
+12502047746
+12502047747
+12502047748
+12502047749
+12502047750
+12502047751
+12502047752
+12502047753
+12502047754
+12502047755
+12502047756
+12502047757
+12502047758
+12502047759
+12502047760
+12502047761
+12502047762
+12502047763
+12502047764
+12502047765
+12502047766
+12502047767
+12502047768
+12502047769
+12502047770
+12502047771
+12502047772
+12502047773
+12502047774
+12502047775
+12502047776
+12502047777
+12502047778
+12502047779
+12502047780
+12502047781
+12502047782
+12502047783
+12502047784
+12502047785
+12502047786
+12502047787
+12502047788
+12502047789
+12502047790
+12502047791
+12502047792
+12502047793
+12502047794
+12502047795
+12502047796
+12502047797
+12502047798
+12502047799
+12502047800
+12502047801
+12502047802
+12502047803
+12502047804
+12502047805
+12502047806
+12502047807
+12502047808
+12502047809
+12502047810
+12502047811
+12502047812
+12502047813
+12502047814
+12502047815
+12502047816
+12502047817
+12502047818
+12502047819
+12502047820
+12502047821
+12502047822
+12502047823
+12502047824
+12502047825
+12502047826
+12502047827
+12502047828
+12502047829
+12502047830
+12502047831
+12502047832
+12502047833
+12502047834
+12502047835
+12502047836
+12502047837
+12502047838
+12502047839
+12502047840
+12502047841
+12502047842
+12502047843
+12502047844
+12502047845
+12502047846
+12502047847
+12502047848
+12502047849
+12502047850
+12502047851
+12502047852
+12502047853
+12502047854
+12502047855
+12502047856
+12502047857
+12502047858
+12502047859
+12502047860
+12502047861
+12502047862
+12502047863
+12502047864
+12502047865
+12502047866
+12502047867
+12502047868
+12502047869
+12502047870
+12502047871
+12502047872
+12502047873
+12502047874
+12502047875
+12502047876
+12502047877
+12502047878
+12502047879
+12502047880
+12502047881
+12502047882
+12502047883
+12502047884
+12502047885
+12502047886
+12502047887
+12502047888
+12502047889
+12502047890
+12502047891
+12502047892
+12502047893
+12502047894
+12502047895
+12502047896
+12502047897
+12502047898
+12502047899
+12502047900
+12502047901
+12502047902
+12502047903
+12502047904
+12502047905
+12502047906
+12502047907
+12502047908
+12502047909
+12502047910
+12502047911
+12502047912
+12502047913
+12502047914
+12502047915
+12502047916
+12502047917
+12502047918
+12502047919
+12502047920
+12502047921
+12502047922
+12502047923
+12502047924
+12502047925
+12502047926
+12502047927
+12502047928
+12502047929
+12502047930
+12502047931
+12502047932
+12502047933
+12502047934
+12502047935
+12502047936
+12502047937
+12502047938
+12502047939
+12502047940
+12502047941
+12502047942
+12502047943
+12502047944
+12502047945
+12502047946
+12502047947
+12502047948
+12502047949
+12502047950
+12502047951
+12502047952
+12502047953
+12502047954
+12502047955
+12502047956
+12502047957
+12502047958
+12502047959
+12502047960
+12502047961
+12502047962
+12502047963
+12502047964
+12502047965
+12502047966
+12502047967
+12502047968
+12502047969
+12502047970
+12502047971
+12502047972
+12502047973
+12502047974
+12502047975
+12502047976
+12502047977
+12502047978
+12502047979
+12502047980
+12502047981
+12502047982
+12502047983
+12502047984
+12502047985
+12502047986
+12502047987
+12502047988
+12502047989
+12502047990
+12502047991
+12502047992
+15141111111
+12502047993
+12502047994
+12502047995
+12502047996
+12502047997
+12502047998
+12502047999
+12502048000
+12502048001
+12502048002
+12502048003
+12502048004
+12502048005
+12502048006
+12502048007
+12502048008
+12502048009
+12502048010
+12502048011
+12502048012
+12502048013
+12502048014
+12502048015
+12502048016
+12502048017
+12502048018
+12502048019
+12502048020
+12502048021
+12502048022
+12502048023
+12502048024
+12502048025
+12502048026
+12502048027
+12502048028
+12502048029
+12502048030
+12502048031
+12502048032
+12502048033
+12502048034
+12502048035
+12502048036
+12502048037
+12502048038
+12502048039
+12502048040
+12502048041
+12502048042
+12502048043
+12502048044
+12502048045
+12502048046
+12502048047
+12502048048
+12502048049
+12502048050
+12502048051
+12502048052
+12502048053
+12502048054
+12502048055
+12502048056
+12502048057
+12502048058
+12502048059
+12502048060
+12502048061
+12502048062
+12502048063
+12502048064
+12502048065
+12502048066
+12502048067
+12502048068
+12502048069
+12502048070
+12502048071
+12502048072
+12502048073
+12502048074
+12502048075
+12502048076
+12502048077
+12502048078
+12502048079
+12502048080
+12502048081
+12502048082
+12502048083
+12502048084
+12502048085
+12502048086
+12502048087
+12502048088
+12502048089
+12502048090
+12502048091
+12502048092
+12502048093
+12502048094
+12502048095
+12502048096
+12502048097
+12502048098
+12502048099
+12502048100
+12502048101
+12502048102
+12502048103
+12502048104
+12502048105
+12502048106
+12502048107
+12502048108
+12502048109
+12502048110
+12502048111
+12502048112
+12502048113
+12502048114
+12502048115
+12502048116
+12502048117
+12502048118
+12502048119
+12502048120
+12502048121
+12502048122
+12502048123
+12502048124
+12502048125
+12502048126
+12502048127
+12502048128
+12502048129
+12502048130
+12502048131
+12502048132
+12502048133
+12502048134
+12502048135
+12502048136
+12502048137
+12502048138
+12502048139
+12502048140
+12502048141
+12502048142
+12502048143
+12502048144
+12502048145
+12502048146
+12502048147
+12502048148
+12502048149
+12502048150
+12502048151
+12502048152
+12502048153
+12502048154
+12502048155
+12502048156
+12502048157
+12502048158
+12502048159
+12502048160
+12502048161
+12502048162
+12502048163
+12502048164
+12502048165
+12502048166
+12502048167
+12502048168
+12502048169
+12502048170
+12502048171
+12502048172
+12502048173
+12502048174
+12502048175
+12502048176
+12502048177
+12502048178
+12502048179
+12502048180
+12502048181
+12502048182
+12502048183
+12502048184
+12502048185
+12502048186
+12502048187
+12502048188
+12502048189
+12502048190
+12502048191
+12502048192
+12502048193
+12502048194
+12502048195
+12502048196
+12502048197
+12502048198
+12502048199
+12502048200
+12502048201
+12502048202
+12502048203
+12502048204
+12502048205
+12502048206
+12502048207
+12502048208
+12502048209
+12502048210
+12502048211
+12502048212
+12502048213
+12502048214
+12502048215
+12502048216
+12502048217
+12502048218
+12502048219
+12502048220
+12502048221
+12502048222
+12502048223
+12502048224
+12502048225
+12502048226
+12502048227
+12502048228
+12502048229
+12502048230
+12502048231
+12502048232
+12502048233
+12502048234
+12502048235
+12502048236
+12502048237
+12502048238
+12502048239
+12502048240
+12502048241
+12502048242
+12502048243
+12502048244
+12502048245
+12502048246
+12502048247
+12502048248
+12502048249
+12502048250
+12502048251
+12502048252
+12502048253
+12502048254
+12502048255
+12502048256
+12502048257
+12502048258
+12502048259
+12502048260
+12502048261
+12502048262
+12502048263
+12502048264
+12502048265
+12502048266
+12502048267
+12502048268
+12502048269
+12502048270
+12502048271
+12502048272
+12502048273
+12502048274
+12502048275
+12502048276
+12502048277
+12502048278
+12502048279
+12502048280
+12502048281
+12502048282
+12502048283
+12502048284
+12502048285
+12502048286
+12502048287
+12502048288
+12502048289
+12502048290
+12502048291
+12502048292
+12502048293
+12502048294
+12502048295
+12502048296
+12502048297
+12502048298
+12502048299
+12502048300
+12502048301
+12502048302
+12502048303
+12502048304
+12502048305
+12502048306
+12502048307
+12502048308
+12502048309
+12502048310
+12502048311
+12502048312
+12502048313
+12502048314
+12502048315
+12502048316
+12502048317
+12502048318
+12502048319
+12502048320
+12502048321
+12502048322
+12502048323
+12502048324
+12502048325
+12502048326
+12502048327
+12502048328
+12502048329
+12502048330
+12502048331
+12502048332
+12502048333
+12502048334
+12502048335
+12502048336
+12502048337
+12502048338
+12502048339
+12502048340
+12502048341
+12502048342
+12502048343
+12502048344
+12502048345
+12502048346
+12502048347
+12502048348
+12502048349
+12502048350
+12502048351
+12502048352
+12502048353
+12502048354
+12502048355
+12502048356
+12502048357
+12502048358
+12502048359
+12502048360
+12502048361
+12502048362
+12502048363
+12502048364
+12502048365
+12502048366
+12502048367
+12502048368
+12502048369
+12502048370
+12502048371
+12502048372
+12502048373
+12502048374
+12502048375
+12502048376
+12502048377
+12502048378
+12502048379
+12502048380
+12502048381
+12502048382
+12502048383
+12502048384
+12502048385
+12502048386
+12502048387
+12502048388
+12502048389
+12502048390
+12502048391
+12502048392
+12502048393
+12502048394
+12502048395
+12502048396
+12502048397
+12502048398
+12502048399
+12502048400
+12502048401
+12502048402
+12502048403
+12502048404
+12502048405
+12502048406
+12502048407
+12502048408
+12502048409
+12502048410
+12502048411
+12502048412
+12502048413
+12502048414
+12502048415
+12502048416
+12502048417
+12502048418
+12502048419
+12502048420
+12502048421
+12502048422
+12502048423
+12502048424
+12502048425
+12502048426
+12502048427
+12502048428
+12502048429
+12502048430
+12502048431
+12502048432
+12502048433
+12502048434
+12502048435
+12502048436
+12502048437
+12502048438
+12502048439
+12502048440
+12502048441
+12502048442
+12502048443
+12502048444
+12502048445
+12502048446
+12502048447
+12502048448
+12502048449
+12502048450
+12502048451
+12502048452
+12502048453
+12502048454
+12502048455
+12502048456
+12502048457
+12502048458
+12502048459
+12502048460
+12502048461
+12502048462
+12502048463
+12502048464
+12502048465
+12502048466
+12502048467
+12502048468
+12502048469
+12502048470
+12502048471
+12502048472
+12502048473
+12502048474
+12502048475
+12502048476
+12502048477
+12502048478
+12502048479
+12502048480
+12502048481
+12502048482
+12502048483
+12502048484
+12502048485
+12502048486
+12502048487
+12502048488
+12502048489
+12502048490
+12502048491
+12502048492
+12502048493
+12502048494
+12502048495
+12502048496
+12502048497
+12502048498
+12502048499
+12502048500
+12502048501
+12502048502
+12502048503
+12502048504
+12502048505
+12502048506
+12502048507
+12502048508
+12502048509
+12502048510
+12502048511
+12502048512
+12502048513
+12502048514
+12502048515
+12502048516
+12502048517
+12502048518
+12502048519
+12502048520
+12502048521
+12502048522
+12502048523
+12502048524
+12502048525
+12502048526
+12502048527
+12502048528
+12502048529
+12502048530
+12502048531
+12502048532
+12502048533
+12502048534
+12502048535
+12502048536
+12502048537
+12502048538
+12502048539
+12502048540
+12502048541
+12502048542
+12502048543
+12502048544
+12502048545
+12502048546
+12502048547
+12502048548
+12502048549
+12502048550
+12502048551
+12502048552
+12502048553
+12502048554
+12502048555
+12502048556
+12502048557
+12502048558
+12502048559
+12502048560
+12502048561
+12502048562
+12502048563
+12502048564
+12502048565
+12502048566
+12502048567
+12502048568
+12502048569
+12502048570
+12502048571
+12502048572
+12502048573
+12502048574
+12502048575
+12502048576
+12502048577
+12502048578
+12502048579
+12502048580
+12502048581
+12502048582
+12502048583
+12502048584
+12502048585
+12502048586
+12502048587
+12502048588
+12502048589
+12502048590
+12502048591
+12502048592
+12502048593
+12502048594
+12502048595
+12502048596
+12502048597
+12502048598
+12502048599
+12502048600
+12502048601
+12502048602
+12502048603
+12502048604
+12502048605
+12502048606
+12502048607
+12502048608
+12502048609
+12502048610
+12502048611
+12502048612
+12502048613
+12502048614
+12502048615
+12502048616
+12502048617
+12502048618
+12502048619
+12502048620
+12502048621
+12502048622
+12502048623
+12502048624
+12502048625
+12502048626
+12502048627
+12502048628
+12502048629
+12502048630
+12502048631
+12502048632
+12502048633
+12502048634
+12502048635
+12502048636
+12502048637
+12502048638
+12502048639
+12502048640
+12502048641
+12502048642
+12502048643
+12502048644
+12502048645
+12502048646
+12502048647
+12502048648
+12502048649
+12502048650
+12502048651
+12502048652
+12502048653
+12502048654
+12502048655
+12502048656
+12502048657
+12502048658
+12502048659
+12502048660
+12502048661
+12502048662
+12502048663
+12502048664
+12502048665
+12502048666
+12502048667
+12502048668
+12502048669
+12502048670
+12502048671
+12502048672
+12502048673
+12502048674
+12502048675
+12502048676
+12502048677
+12502048678
+12502048679
+12502048680
+12502048681
+12502048682
+12502048683
+12502048684
+12502048685
+12502048686
+12502048687
+12502048688
+12502048689
+12502048690
+12502048691
+12502048692
+12502048693
+12502048694
+12502048695
+12502048696
+12502048697
+12502048698
+12502048699
+12502048700
+12502048701
+12502048702
+12502048703
+12502048704
+12502048705
+12502048706
+12502048707
+12502048708
+12502048709
+12502048710
+12502048711
+12502048712
+12502048713
+12502048714
+12502048715
+12502048716
+12502048717
+12502048718
+12502048719
+12502048720
+12502048721
+12502048722
+12502048723
+12502048724
+12502048725
+12502048726
+12502048727
+12502048728
+12502048729
+12502048730
+12502048731
+12502048732
+12502048733
+12502048734
+12502048735
+12502048736
+12502048737
+12502048738
+12502048739
+12502048740
+12502048741
+12502048742
+12502048743
+12502048744
+12502048745
+12502048746
+12502048747
+12502048748
+12502048749
+12502048750
+12502048751
+12502048752
+12502048753
+12502048754
+12502048755
+12502048756
+12502048757
+12502048758
+12502048759
+12502048760
+12502048761
+12502048762
+12502048763
+12502048764
+12502048765
+12502048766
+12502048767
+12502048768
+12502048769
+12502048770
+12502048771
+12502048772
+12502048773
+12502048774
+12502048775
+12502048776
+12502048777
+12502048778
+12502048779
+12502048780
+12502048781
+12502048782
+12502048783
+12502048784
+12502048785
+12502048786
+12502048787
+12502048788
+12502048789
+12502048790
+12502048791
+12502048792
+12502048793
+12502048794
+12502048795
+12502048796
+12502048797
+12502048798
+12502048799
+12502048800
+12502048801
+12502048802
+12502048803
+12502048804
+12502048805
+12502048806
+12502048807
+12502048808
+12502048809
+12502048810
+12502048811
+12502048812
+12502048813
+12502048814
+12502048815
+12502048816
+12502048817
+12502048818
+12502048819
+12502048820
+12502048821
+12502048822
+12502048823
+12502048824
+12502048825
+12502048826
+12502048827
+12502048828
+12502048829
+12502048830
+12502048831
+12502048832
+12502048833
+12502048834
+12502048835
+12502048836
+12502048837
+12502048838
+12502048839
+12502048840
+12502048841
+12502048842
+12502048843
+12502048844
+12502048845
+12502048846
+12502048847
+12502048848
+12502048849
+12502048850
+12502048851
+12502048852
+12502048853
+12502048854
+12502048855
+12502048856
+12502048857
+12502048858
+12502048859
+12502048860
+12502048861
+12502048862
+12502048863
+12502048864
+12502048865
+12502048866
+12502048867
+12502048868
+12502048869
+12502048870
+12502048871
+12502048872
+12502048873
+12502048874
+12502048875
+12502048876
+12502048877
+12502048878
+12502048879
+12502048880
+12502048881
+12502048882
+12502048883
+12502048884
+12502048885
+12502048886
+12502048887
+12502048888
+12502048889
+12502048890
+12502048891
+12502048892
+12502048893
+12502048894
+12502048895
+12502048896
+12502048897
+12502048898
+12502048899
+12502048900
+12502048901
+12502048902
+12502048903
+12502048904
+12502048905
+12502048906
+12502048907
+12502048908
+12502048909
+12502048910
+12502048911
+12502048912
+12502048913
+12502048914
+12502048915
+12502048916
+12502048917
+12502048918
+12502048919
+12502048920
+12502048921
+12502048922
+12502048923
+12502048924
+12502048925
+12502048926
+12502048927
+12502048928
+12502048929
+12502048930
+12502048931
+12502048932
+12502048933
+12502048934
+12502048935
+12502048936
+12502048937
+12502048938
+12502048939
+12502048940
+12502048941
+12502048942
+12502048943
+12502048944
+12502048945
+12502048946
+12502048947
+12502048948
+12502048949
+12502048950
+12502048951
+12502048952
+12502048953
+12502048954
+12502048955
+12502048956
+12502048957
+12502048958
+12502048959
+12502048960
+12502048961
+12502048962
+12502048963
+12502048964
+12502048965
+12502048966
+12502048967
+12502048968
+12502048969
+12502048970
+12502048971
+12502048972
+12502048973
+12502048974
+12502048975
+12502048976
+12502048977
+12502048978
+12502048979
+12502048980
+12502048981
+12502048982
+12502048983
+12502048984
+12502048985
+12502048986
+12502048987
+12502048988
+12502048989
+12502048990
+12502048991
+15141111111
+12502048992
+12502048993
+12502048994
+12502048995
+12502048996
+12502048997
+12502048998
+12502048999
+12502049000
+12502049001
+12502049002
+12502049003
+12502049004
+12502049005
+12502049006
+12502049007
+12502049008
+12502049009
+12502049010
+12502049011
+12502049012
+12502049013
+12502049014
+12502049015
+12502049016
+12502049017
+12502049018
+12502049019
+12502049020
+12502049021
+12502049022
+12502049023
+12502049024
+12502049025
+12502049026
+12502049027
+12502049028
+12502049029
+12502049030
+12502049031
+12502049032
+12502049033
+12502049034
+12502049035
+12502049036
+12502049037
+12502049038
+12502049039
+12502049040
+12502049041
+12502049042
+12502049043
+12502049044
+12502049045
+12502049046
+12502049047
+12502049048
+12502049049
+12502049050
+12502049051
+12502049052
+12502049053
+12502049054
+12502049055
+12502049056
+12502049057
+12502049058
+12502049059
+12502049060
+12502049061
+12502049062
+12502049063
+12502049064
+12502049065
+12502049066
+12502049067
+12502049068
+12502049069
+12502049070
+12502049071
+12502049072
+12502049073
+12502049074
+12502049075
+12502049076
+12502049077
+12502049078
+12502049079
+12502049080
+12502049081
+12502049082
+12502049083
+12502049084
+12502049085
+12502049086
+12502049087
+12502049088
+12502049089
+12502049090
+12502049091
+12502049092
+12502049093
+12502049094
+12502049095
+12502049096
+12502049097
+12502049098
+12502049099
+12502049100
+12502049101
+12502049102
+12502049103
+12502049104
+12502049105
+12502049106
+12502049107
+12502049108
+12502049109
+12502049110
+12502049111
+12502049112
+12502049113
+12502049114
+12502049115
+12502049116
+12502049117
+12502049118
+12502049119
+12502049120
+12502049121
+12502049122
+12502049123
+12502049124
+12502049125
+12502049126
+12502049127
+12502049128
+12502049129
+12502049130
+12502049131
+12502049132
+12502049133
+12502049134
+12502049135
+12502049136
+12502049137
+12502049138
+12502049139
+12502049140
+12502049141
+12502049142
+12502049143
+12502049144
+12502049145
+12502049146
+12502049147
+12502049148
+12502049149
+12502049150
+12502049151
+12502049152
+12502049153
+12502049154
+12502049155
+12502049156
+12502049157
+12502049158
+12502049159
+12502049160
+12502049161
+12502049162
+12502049163
+12502049164
+12502049165
+12502049166
+12502049167
+12502049168
+12502049169
+12502049170
+12502049171
+12502049172
+12502049173
+12502049174
+12502049175
+12502049176
+12502049177
+12502049178
+12502049179
+12502049180
+12502049181
+12502049182
+12502049183
+12502049184
+12502049185
+12502049186
+12502049187
+12502049188
+12502049189
+12502049190
+12502049191
+12502049192
+12502049193
+12502049194
+12502049195
+12502049196
+12502049197
+12502049198
+12502049199
+12502049200
+12502049201
+12502049202
+12502049203
+12502049204
+12502049205
+12502049206
+12502049207
+12502049208
+12502049209
+12502049210
+12502049211
+12502049212
+12502049213
+12502049214
+12502049215
+12502049216
+12502049217
+12502049218
+12502049219
+12502049220
+12502049221
+12502049222
+12502049223
+12502049224
+12502049225
+12502049226
+12502049227
+12502049228
+12502049229
+12502049230
+12502049231
+12502049232
+12502049233
+12502049234
+12502049235
+12502049236
+12502049237
+12502049238
+12502049239
+12502049240
+12502049241
+12502049242
+12502049243
+12502049244
+12502049245
+12502049246
+12502049247
+12502049248
+12502049249
+12502049250
+12502049251
+12502049252
+12502049253
+12502049254
+12502049255
+12502049256
+12502049257
+12502049258
+12502049259
+12502049260
+12502049261
+12502049262
+12502049263
+12502049264
+12502049265
+12502049266
+12502049267
+12502049268
+12502049269
+12502049270
+12502049271
+12502049272
+12502049273
+12502049274
+12502049275
+12502049276
+12502049277
+12502049278
+12502049279
+12502049280
+12502049281
+12502049282
+12502049283
+12502049284
+12502049285
+12502049286
+12502049287
+12502049288
+12502049289
+12502049290
+12502049291
+12502049292
+12502049293
+12502049294
+12502049295
+12502049296
+12502049297
+12502049298
+12502049299
+12502049300
+12502049301
+12502049302
+12502049303
+12502049304
+12502049305
+12502049306
+12502049307
+12502049308
+12502049309
+12502049310
+12502049311
+12502049312
+12502049313
+12502049314
+12502049315
+12502049316
+12502049317
+12502049318
+12502049319
+12502049320
+12502049321
+12502049322
+12502049323
+12502049324
+12502049325
+12502049326
+12502049327
+12502049328
+12502049329
+12502049330
+12502049331
+12502049332
+12502049333
+12502049334
+12502049335
+12502049336
+12502049337
+12502049338
+12502049339
+12502049340
+12502049341
+12502049342
+12502049343
+12502049344
+12502049345
+12502049346
+12502049347
+12502049348
+12502049349
+12502049350
+12502049351
+12502049352
+12502049353
+12502049354
+12502049355
+12502049356
+12502049357
+12502049358
+12502049359
+12502049360
+12502049361
+12502049362
+12502049363
+12502049364
+12502049365
+12502049366
+12502049367
+12502049368
+12502049369
+12502049370
+12502049371
+12502049372
+12502049373
+12502049374
+12502049375
+12502049376
+12502049377
+12502049378
+12502049379
+12502049380
+12502049381
+12502049382
+12502049383
+12502049384
+12502049385
+12502049386
+12502049387
+12502049388
+12502049389
+12502049390
+12502049391
+12502049392
+12502049393
+12502049394
+12502049395
+12502049396
+12502049397
+12502049398
+12502049399
+12502049400
+12502049401
+12502049402
+12502049403
+12502049404
+12502049405
+12502049406
+12502049407
+12502049408
+12502049409
+12502049410
+12502049411
+12502049412
+12502049413
+12502049414
+12502049415
+12502049416
+12502049417
+12502049418
+12502049419
+12502049420
+12502049421
+12502049422
+12502049423
+12502049424
+12502049425
+12502049426
+12502049427
+12502049428
+12502049429
+12502049430
+12502049431
+12502049432
+12502049433
+12502049434
+12502049435
+12502049436
+12502049437
+12502049438
+12502049439
+12502049440
+12502049441
+12502049442
+12502049443
+12502049444
+12502049445
+12502049446
+12502049447
+12502049448
+12502049449
+12502049450
+12502049451
+12502049452
+12502049453
+12502049454
+12502049455
+12502049456
+12502049457
+12502049458
+12502049459
+12502049460
+12502049461
+12502049462
+12502049463
+12502049464
+12502049465
+12502049466
+12502049467
+12502049468
+12502049469
+12502049470
+12502049471
+12502049472
+12502049473
+12502049474
+12502049475
+12502049476
+12502049477
+12502049478
+12502049479
+12502049480
+12502049481
+12502049482
+12502049483
+12502049484
+12502049485
+12502049486
+12502049487
+12502049488
+12502049489
+12502049490
+12502049491
+12502049492
+12502049493
+12502049494
+12502049495
+12502049496
+12502049497
+12502049498
+12502049499
+12502049500
+12502049501
+12502049502
+12502049503
+12502049504
+12502049505
+12502049506
+12502049507
+12502049508
+12502049509
+12502049510
+12502049511
+12502049512
+12502049513
+12502049514
+12502049515
+12502049516
+12502049517
+12502049518
+12502049519
+12502049520
+12502049521
+12502049522
+12502049523
+12502049524
+12502049525
+12502049526
+12502049527
+12502049528
+12502049529
+12502049530
+12502049531
+12502049532
+12502049533
+12502049534
+12502049535
+12502049536
+12502049537
+12502049538
+12502049539
+12502049540
+12502049541
+12502049542
+12502049543
+12502049544
+12502049545
+12502049546
+12502049547
+12502049548
+12502049549
+12502049550
+12502049551
+12502049552
+12502049553
+12502049554
+12502049555
+12502049556
+12502049557
+12502049558
+12502049559
+12502049560
+12502049561
+12502049562
+12502049563
+12502049564
+12502049565
+12502049566
+12502049567
+12502049568
+12502049569
+12502049570
+12502049571
+12502049572
+12502049573
+12502049574
+12502049575
+12502049576
+12502049577
+12502049578
+12502049579
+12502049580
+12502049581
+12502049582
+12502049583
+12502049584
+12502049585
+12502049586
+12502049587
+12502049588
+12502049589
+12502049590
+12502049591
+12502049592
+12502049593
+12502049594
+12502049595
+12502049596
+12502049597
+12502049598
+12502049599
+12502049600
+12502049601
+12502049602
+12502049603
+12502049604
+12502049605
+12502049606
+12502049607
+12502049608
+12502049609
+12502049610
+12502049611
+12502049612
+12502049613
+12502049614
+12502049615
+12502049616
+12502049617
+12502049618
+12502049619
+12502049620
+12502049621
+12502049622
+12502049623
+12502049624
+12502049625
+12502049626
+12502049627
+12502049628
+12502049629
+12502049630
+12502049631
+12502049632
+12502049633
+12502049634
+12502049635
+12502049636
+12502049637
+12502049638
+12502049639
+12502049640
+12502049641
+12502049642
+12502049643
+12502049644
+12502049645
+12502049646
+12502049647
+12502049648
+12502049649
+12502049650
+12502049651
+12502049652
+12502049653
+12502049654
+12502049655
+12502049656
+12502049657
+12502049658
+12502049659
+12502049660
+12502049661
+12502049662
+12502049663
+12502049664
+12502049665
+12502049666
+12502049667
+12502049668
+12502049669
+12502049670
+12502049671
+12502049672
+12502049673
+12502049674
+12502049675
+12502049676
+12502049677
+12502049678
+12502049679
+12502049680
+12502049681
+12502049682
+12502049683
+12502049684
+12502049685
+12502049686
+12502049687
+12502049688
+12502049689
+12502049690
+12502049691
+12502049692
+12502049693
+12502049694
+12502049695
+12502049696
+12502049697
+12502049698
+12502049699
+12502049700
+12502049701
+12502049702
+12502049703
+12502049704
+12502049705
+12502049706
+12502049707
+12502049708
+12502049709
+12502049710
+12502049711
+12502049712
+12502049713
+12502049714
+12502049715
+12502049716
+12502049717
+12502049718
+12502049719
+12502049720
+12502049721
+12502049722
+12502049723
+12502049724
+12502049725
+12502049726
+12502049727
+12502049728
+12502049729
+12502049730
+12502049731
+12502049732
+12502049733
+12502049734
+12502049735
+12502049736
+12502049737
+12502049738
+12502049739
+12502049740
+12502049741
+12502049742
+12502049743
+12502049744
+12502049745
+12502049746
+12502049747
+12502049748
+12502049749
+12502049750
+12502049751
+12502049752
+12502049753
+12502049754
+12502049755
+12502049756
+12502049757
+12502049758
+12502049759
+12502049760
+12502049761
+12502049762
+12502049763
+12502049764
+12502049765
+12502049766
+12502049767
+12502049768
+12502049769
+12502049770
+12502049771
+12502049772
+12502049773
+12502049774
+12502049775
+12502049776
+12502049777
+12502049778
+12502049779
+12502049780
+12502049781
+12502049782
+12502049783
+12502049784
+12502049785
+12502049786
+12502049787
+12502049788
+12502049789
+12502049790
+12502049791
+12502049792
+12502049793
+12502049794
+12502049795
+12502049796
+12502049797
+12502049798
+12502049799
+12502049800
+12502049801
+12502049802
+12502049803
+12502049804
+12502049805
+12502049806
+12502049807
+12502049808
+12502049809
+12502049810
+12502049811
+12502049812
+12502049813
+12502049814
+12502049815
+12502049816
+12502049817
+12502049818
+12502049819
+12502049820
+12502049821
+12502049822
+12502049823
+12502049824
+12502049825
+12502049826
+12502049827
+12502049828
+12502049829
+12502049830
+12502049831
+12502049832
+12502049833
+12502049834
+12502049835
+12502049836
+12502049837
+12502049838
+12502049839
+12502049840
+12502049841
+12502049842
+12502049843
+12502049844
+12502049845
+12502049846
+12502049847
+12502049848
+12502049849
+12502049850
+12502049851
+12502049852
+12502049853
+12502049854
+12502049855
+12502049856
+12502049857
+12502049858
+12502049859
+12502049860
+12502049861
+12502049862
+12502049863
+12502049864
+12502049865
+12502049866
+12502049867
+12502049868
+12502049869
+12502049870
+12502049871
+12502049872
+12502049873
+12502049874
+12502049875
+12502049876
+12502049877
+12502049878
+12502049879
+12502049880
+12502049881
+12502049882
+12502049883
+12502049884
+12502049885
+12502049886
+12502049887
+12502049888
+12502049889
+12502049890
+12502049891
+12502049892
+12502049893
+12502049894
+12502049895
+12502049896
+12502049897
+12502049898
+12502049899
+12502049900
+12502049901
+12502049902
+12502049903
+12502049904
+12502049905
+12502049906
+12502049907
+12502049908
+12502049909
+12502049910
+12502049911
+12502049912
+12502049913
+12502049914
+12502049915
+12502049916
+12502049917
+12502049918
+12502049919
+12502049920
+12502049921
+12502049922
+12502049923
+12502049924
+12502049925
+12502049926
+12502049927
+12502049928
+12502049929
+12502049930
+12502049931
+12502049932
+12502049933
+12502049934
+12502049935
+12502049936
+12502049937
+12502049938
+12502049939
+12502049940
+12502049941
+12502049942
+12502049943
+12502049944
+12502049945
+12502049946
+12502049947
+12502049948
+12502049949
+12502049950
+12502049951
+12502049952
+12502049953
+12502049954
+12502049955
+12502049956
+12502049957
+12502049958
+12502049959
+12502049960
+12502049961
+12502049962
+12502049963
+12502049964
+12502049965
+12502049966
+12502049967
+12502049968
+12502049969
+12502049970
+12502049971
+12502049972
+12502049973
+12502049974
+12502049975
+12502049976
+12502049977
+12502049978
+12502049979
+12502049980
+12502049981
+12502049982
+12502049983
+12502049984
+12502049985
+12502049986
+12502049987
+12502049988
+12502049989
+12502049990
+12502049991
+12502049992
+12502049993
+12502049994
+12502049995
+12502049996
+12502049997
+12502049998
+15141111111
