+15141111111
+12502044999
+12502045000
+12502045001
+12502045002
+12502045003
+12502045004
+12502045005
+12502045006
+12502045007
+12502045008
+12502045009
+12502045010
+12502045011
+12502045012
+12502045013
+12502045014
+12502045015
+12502045016
+12502045017
+12502045018
+12502045019
+12502045020
+12502045021
+12502045022
+12502045023
+12502045024
+12502045025
+12502045026
+12502045027
+12502045028
+12502045029
+12502045030
+12502045031
+12502045032
+12502045033
+12502045034
+12502045035
+12502045036
+12502045037
+12502045038
+12502045039
+12502045040
+12502045041
+12502045042
+12502045043
+12502045044
+12502045045
+12502045046
+12502045047
+12502045048
+12502045049
+12502045050
+12502045051
+12502045052
+12502045053
+12502045054
+12502045055
+12502045056
+12502045057
+12502045058
+12502045059
+12502045060
+12502045061
+12502045062
+12502045063
+12502045064
+12502045065
+12502045066
+12502045067
+12502045068
+12502045069
+12502045070
+12502045071
+12502045072
+12502045073
+12502045074
+12502045075
+12502045076
+12502045077
+12502045078
+12502045079
+12502045080
+12502045081
+12502045082
+12502045083
+12502045084
+12502045085
+12502045086
+12502045087
+12502045088
+12502045089
+12502045090
+12502045091
+12502045092
+12502045093
+12502045094
+12502045095
+12502045096
+12502045097
+12502045098
+12502045099
+12502045100
+12502045101
+12502045102
+12502045103
+12502045104
+12502045105
+12502045106
+12502045107
+12502045108
+12502045109
+12502045110
+12502045111
+12502045112
+12502045113
+12502045114
+12502045115
+12502045116
+12502045117
+12502045118
+12502045119
+12502045120
+12502045121
+12502045122
+12502045123
+12502045124
+12502045125
+12502045126
+12502045127
+12502045128
+12502045129
+12502045130
+12502045131
+12502045132
+12502045133
+12502045134
+12502045135
+12502045136
+12502045137
+12502045138
+12502045139
+12502045140
+12502045141
+12502045142
+12502045143
+12502045144
+12502045145
+12502045146
+12502045147
+12502045148
+12502045149
+12502045150
+12502045151
+12502045152
+12502045153
+12502045154
+12502045155
+12502045156
+12502045157
+12502045158
+12502045159
+12502045160
+12502045161
+12502045162
+12502045163
+12502045164
+12502045165
+12502045166
+12502045167
+12502045168
+12502045169
+12502045170
+12502045171
+12502045172
+12502045173
+12502045174
+12502045175
+12502045176
+12502045177
+12502045178
+12502045179
+12502045180
+12502045181
+12502045182
+12502045183
+12502045184
+12502045185
+12502045186
+12502045187
+12502045188
+12502045189
+12502045190
+12502045191
+12502045192
+12502045193
+12502045194
+12502045195
+12502045196
+12502045197
+12502045198
+12502045199
+12502045200
+12502045201
+12502045202
+12502045203
+12502045204
+12502045205
+12502045206
+12502045207
+12502045208
+12502045209
+12502045210
+12502045211
+12502045212
+12502045213
+12502045214
+12502045215
+12502045216
+12502045217
+12502045218
+12502045219
+12502045220
+12502045221
+12502045222
+12502045223
+12502045224
+12502045225
+12502045226
+12502045227
+12502045228
+12502045229
+12502045230
+12502045231
+12502045232
+12502045233
+12502045234
+12502045235
+12502045236
+12502045237
+12502045238
+12502045239
+12502045240
+12502045241
+12502045242
+12502045243
+12502045244
+12502045245
+12502045246
+12502045247
+12502045248
+12502045249
+12502045250
+12502045251
+12502045252
+12502045253
+12502045254
+12502045255
+12502045256
+12502045257
+12502045258
+12502045259
+12502045260
+12502045261
+12502045262
+12502045263
+12502045264
+12502045265
+12502045266
+12502045267
+12502045268
+12502045269
+12502045270
+12502045271
+12502045272
+12502045273
+12502045274
+12502045275
+12502045276
+12502045277
+12502045278
+12502045279
+12502045280
+12502045281
+12502045282
+12502045283
+12502045284
+12502045285
+12502045286
+12502045287
+12502045288
+12502045289
+12502045290
+12502045291
+12502045292
+12502045293
+12502045294
+12502045295
+12502045296
+12502045297
+12502045298
+12502045299
+12502045300
+12502045301
+12502045302
+12502045303
+12502045304
+12502045305
+12502045306
+12502045307
+12502045308
+12502045309
+12502045310
+12502045311
+12502045312
+12502045313
+12502045314
+12502045315
+12502045316
+12502045317
+12502045318
+12502045319
+12502045320
+12502045321
+12502045322
+12502045323
+12502045324
+12502045325
+12502045326
+12502045327
+12502045328
+12502045329
+12502045330
+12502045331
+12502045332
+12502045333
+12502045334
+12502045335
+12502045336
+12502045337
+12502045338
+12502045339
+12502045340
+12502045341
+12502045342
+12502045343
+12502045344
+12502045345
+12502045346
+12502045347
+12502045348
+12502045349
+12502045350
+12502045351
+12502045352
+12502045353
+12502045354
+12502045355
+12502045356
+12502045357
+12502045358
+12502045359
+12502045360
+12502045361
+12502045362
+12502045363
+12502045364
+12502045365
+12502045366
+12502045367
+12502045368
+12502045369
+12502045370
+12502045371
+12502045372
+12502045373
+12502045374
+12502045375
+12502045376
+12502045377
+12502045378
+12502045379
+12502045380
+12502045381
+12502045382
+12502045383
+12502045384
+12502045385
+12502045386
+12502045387
+12502045388
+12502045389
+12502045390
+12502045391
+12502045392
+12502045393
+12502045394
+12502045395
+12502045396
+12502045397
+12502045398
+12502045399
+12502045400
+12502045401
+12502045402
+12502045403
+12502045404
+12502045405
+12502045406
+12502045407
+12502045408
+12502045409
+12502045410
+12502045411
+12502045412
+12502045413
+12502045414
+12502045415
+12502045416
+12502045417
+12502045418
+12502045419
+12502045420
+12502045421
+12502045422
+12502045423
+12502045424
+12502045425
+12502045426
+12502045427
+12502045428
+12502045429
+12502045430
+12502045431
+12502045432
+12502045433
+12502045434
+12502045435
+12502045436
+12502045437
+12502045438
+12502045439
+12502045440
+12502045441
+12502045442
+12502045443
+12502045444
+12502045445
+12502045446
+12502045447
+12502045448
+12502045449
+12502045450
+12502045451
+12502045452
+12502045453
+12502045454
+12502045455
+12502045456
+12502045457
+12502045458
+12502045459
+12502045460
+12502045461
+12502045462
+12502045463
+12502045464
+12502045465
+12502045466
+12502045467
+12502045468
+12502045469
+12502045470
+12502045471
+12502045472
+12502045473
+12502045474
+12502045475
+12502045476
+12502045477
+12502045478
+12502045479
+12502045480
+12502045481
+12502045482
+12502045483
+12502045484
+12502045485
+12502045486
+12502045487
+12502045488
+12502045489
+12502045490
+12502045491
+12502045492
+12502045493
+12502045494
+12502045495
+12502045496
+12502045497
+12502045498
+12502045499
+12502045500
+12502045501
+12502045502
+12502045503
+12502045504
+12502045505
+12502045506
+12502045507
+12502045508
+12502045509
+12502045510
+12502045511
+12502045512
+12502045513
+12502045514
+12502045515
+12502045516
+12502045517
+12502045518
+12502045519
+12502045520
+12502045521
+12502045522
+12502045523
+12502045524
+12502045525
+12502045526
+12502045527
+12502045528
+12502045529
+12502045530
+12502045531
+12502045532
+12502045533
+12502045534
+12502045535
+12502045536
+12502045537
+12502045538
+12502045539
+12502045540
+12502045541
+12502045542
+12502045543
+12502045544
+12502045545
+12502045546
+12502045547
+12502045548
+12502045549
+12502045550
+12502045551
+12502045552
+12502045553
+12502045554
+12502045555
+12502045556
+12502045557
+12502045558
+12502045559
+12502045560
+12502045561
+12502045562
+12502045563
+12502045564
+12502045565
+12502045566
+12502045567
+12502045568
+12502045569
+12502045570
+12502045571
+12502045572
+12502045573
+12502045574
+12502045575
+12502045576
+12502045577
+12502045578
+12502045579
+12502045580
+12502045581
+12502045582
+12502045583
+12502045584
+12502045585
+12502045586
+12502045587
+12502045588
+12502045589
+12502045590
+12502045591
+12502045592
+12502045593
+12502045594
+12502045595
+12502045596
+12502045597
+12502045598
+12502045599
+12502045600
+12502045601
+12502045602
+12502045603
+12502045604
+12502045605
+12502045606
+12502045607
+12502045608
+12502045609
+12502045610
+12502045611
+12502045612
+12502045613
+12502045614
+12502045615
+12502045616
+12502045617
+12502045618
+12502045619
+12502045620
+12502045621
+12502045622
+12502045623
+12502045624
+12502045625
+12502045626
+12502045627
+12502045628
+12502045629
+12502045630
+12502045631
+12502045632
+12502045633
+12502045634
+12502045635
+12502045636
+12502045637
+12502045638
+12502045639
+12502045640
+12502045641
+12502045642
+12502045643
+12502045644
+12502045645
+12502045646
+12502045647
+12502045648
+12502045649
+12502045650
+12502045651
+12502045652
+12502045653
+12502045654
+12502045655
+12502045656
+12502045657
+12502045658
+12502045659
+12502045660
+12502045661
+12502045662
+12502045663
+12502045664
+12502045665
+12502045666
+12502045667
+12502045668
+12502045669
+12502045670
+12502045671
+12502045672
+12502045673
+12502045674
+12502045675
+12502045676
+12502045677
+12502045678
+12502045679
+12502045680
+12502045681
+12502045682
+12502045683
+12502045684
+12502045685
+12502045686
+12502045687
+12502045688
+12502045689
+12502045690
+12502045691
+12502045692
+12502045693
+12502045694
+12502045695
+12502045696
+12502045697
+12502045698
+12502045699
+12502045700
+12502045701
+12502045702
+12502045703
+12502045704
+12502045705
+12502045706
+12502045707
+12502045708
+12502045709
+12502045710
+12502045711
+12502045712
+12502045713
+12502045714
+12502045715
+12502045716
+12502045717
+12502045718
+12502045719
+12502045720
+12502045721
+12502045722
+12502045723
+12502045724
+12502045725
+12502045726
+12502045727
+12502045728
+12502045729
+12502045730
+12502045731
+12502045732
+12502045733
+12502045734
+12502045735
+12502045736
+12502045737
+12502045738
+12502045739
+12502045740
+12502045741
+12502045742
+12502045743
+12502045744
+12502045745
+12502045746
+12502045747
+12502045748
+12502045749
+12502045750
+12502045751
+12502045752
+12502045753
+12502045754
+12502045755
+12502045756
+12502045757
+12502045758
+12502045759
+12502045760
+12502045761
+12502045762
+12502045763
+12502045764
+12502045765
+12502045766
+12502045767
+12502045768
+12502045769
+12502045770
+12502045771
+12502045772
+12502045773
+12502045774
+12502045775
+12502045776
+12502045777
+12502045778
+12502045779
+12502045780
+12502045781
+12502045782
+12502045783
+12502045784
+12502045785
+12502045786
+12502045787
+12502045788
+12502045789
+12502045790
+12502045791
+12502045792
+12502045793
+12502045794
+12502045795
+12502045796
+12502045797
+12502045798
+12502045799
+12502045800
+12502045801
+12502045802
+12502045803
+12502045804
+12502045805
+12502045806
+12502045807
+12502045808
+12502045809
+12502045810
+12502045811
+12502045812
+12502045813
+12502045814
+12502045815
+12502045816
+12502045817
+12502045818
+12502045819
+12502045820
+12502045821
+12502045822
+12502045823
+12502045824
+12502045825
+12502045826
+12502045827
+12502045828
+12502045829
+12502045830
+12502045831
+12502045832
+12502045833
+12502045834
+12502045835
+12502045836
+12502045837
+12502045838
+12502045839
+12502045840
+12502045841
+12502045842
+12502045843
+12502045844
+12502045845
+12502045846
+12502045847
+12502045848
+12502045849
+12502045850
+12502045851
+12502045852
+12502045853
+12502045854
+12502045855
+12502045856
+12502045857
+12502045858
+12502045859
+12502045860
+12502045861
+12502045862
+12502045863
+12502045864
+12502045865
+12502045866
+12502045867
+12502045868
+12502045869
+12502045870
+12502045871
+12502045872
+12502045873
+12502045874
+12502045875
+12502045876
+12502045877
+12502045878
+12502045879
+12502045880
+12502045881
+12502045882
+12502045883
+12502045884
+12502045885
+12502045886
+12502045887
+12502045888
+12502045889
+12502045890
+12502045891
+12502045892
+12502045893
+12502045894
+12502045895
+12502045896
+12502045897
+12502045898
+12502045899
+12502045900
+12502045901
+12502045902
+12502045903
+12502045904
+12502045905
+12502045906
+12502045907
+12502045908
+12502045909
+12502045910
+12502045911
+12502045912
+12502045913
+12502045914
+12502045915
+12502045916
+12502045917
+12502045918
+12502045919
+12502045920
+12502045921
+12502045922
+12502045923
+12502045924
+12502045925
+12502045926
+12502045927
+12502045928
+12502045929
+12502045930
+12502045931
+12502045932
+12502045933
+12502045934
+12502045935
+12502045936
+12502045937
+12502045938
+12502045939
+12502045940
+12502045941
+12502045942
+12502045943
+12502045944
+12502045945
+12502045946
+12502045947
+12502045948
+12502045949
+12502045950
+12502045951
+12502045952
+12502045953
+12502045954
+12502045955
+12502045956
+12502045957
+12502045958
+12502045959
+12502045960
+12502045961
+12502045962
+12502045963
+12502045964
+12502045965
+12502045966
+12502045967
+12502045968
+12502045969
+12502045970
+12502045971
+12502045972
+12502045973
+12502045974
+12502045975
+12502045976
+12502045977
+12502045978
+12502045979
+12502045980
+12502045981
+12502045982
+12502045983
+12502045984
+12502045985
+12502045986
+12502045987
+12502045988
+12502045989
+12502045990
+12502045991
+12502045992
+12502045993
+12502045994
+15141111111
+12502045995
+12502045996
+12502045997
+12502045998
+12502045999
+12502046000
+12502046001
+12502046002
+12502046003
+12502046004
+12502046005
+12502046006
+12502046007
+12502046008
+12502046009
+12502046010
+12502046011
+12502046012
+12502046013
+12502046014
+12502046015
+12502046016
+12502046017
+12502046018
+12502046019
+12502046020
+12502046021
+12502046022
+12502046023
+12502046024
+12502046025
+12502046026
+12502046027
+12502046028
+12502046029
+12502046030
+12502046031
+12502046032
+12502046033
+12502046034
+12502046035
+12502046036
+12502046037
+12502046038
+12502046039
+12502046040
+12502046041
+12502046042
+12502046043
+12502046044
+12502046045
+12502046046
+12502046047
+12502046048
+12502046049
+12502046050
+12502046051
+12502046052
+12502046053
+12502046054
+12502046055
+12502046056
+12502046057
+12502046058
+12502046059
+12502046060
+12502046061
+12502046062
+12502046063
+12502046064
+12502046065
+12502046066
+12502046067
+12502046068
+12502046069
+12502046070
+12502046071
+12502046072
+12502046073
+12502046074
+12502046075
+12502046076
+12502046077
+12502046078
+12502046079
+12502046080
+12502046081
+12502046082
+12502046083
+12502046084
+12502046085
+12502046086
+12502046087
+12502046088
+12502046089
+12502046090
+12502046091
+12502046092
+12502046093
+12502046094
+12502046095
+12502046096
+12502046097
+12502046098
+12502046099
+12502046100
+12502046101
+12502046102
+12502046103
+12502046104
+12502046105
+12502046106
+12502046107
+12502046108
+12502046109
+12502046110
+12502046111
+12502046112
+12502046113
+12502046114
+12502046115
+12502046116
+12502046117
+12502046118
+12502046119
+12502046120
+12502046121
+12502046122
+12502046123
+12502046124
+12502046125
+12502046126
+12502046127
+12502046128
+12502046129
+12502046130
+12502046131
+12502046132
+12502046133
+12502046134
+12502046135
+12502046136
+12502046137
+12502046138
+12502046139
+12502046140
+12502046141
+12502046142
+12502046143
+12502046144
+12502046145
+12502046146
+12502046147
+12502046148
+12502046149
+12502046150
+12502046151
+12502046152
+12502046153
+12502046154
+12502046155
+12502046156
+12502046157
+12502046158
+12502046159
+12502046160
+12502046161
+12502046162
+12502046163
+12502046164
+12502046165
+12502046166
+12502046167
+12502046168
+12502046169
+12502046170
+12502046171
+12502046172
+12502046173
+12502046174
+12502046175
+12502046176
+12502046177
+12502046178
+12502046179
+12502046180
+12502046181
+12502046182
+12502046183
+12502046184
+12502046185
+12502046186
+12502046187
+12502046188
+12502046189
+12502046190
+12502046191
+12502046192
+12502046193
+12502046194
+12502046195
+12502046196
+12502046197
+12502046198
+12502046199
+12502046200
+12502046201
+12502046202
+12502046203
+12502046204
+12502046205
+12502046206
+12502046207
+12502046208
+12502046209
+12502046210
+12502046211
+12502046212
+12502046213
+12502046214
+12502046215
+12502046216
+12502046217
+12502046218
+12502046219
+12502046220
+12502046221
+12502046222
+12502046223
+12502046224
+12502046225
+12502046226
+12502046227
+12502046228
+12502046229
+12502046230
+12502046231
+12502046232
+12502046233
+12502046234
+12502046235
+12502046236
+12502046237
+12502046238
+12502046239
+12502046240
+12502046241
+12502046242
+12502046243
+12502046244
+12502046245
+12502046246
+12502046247
+12502046248
+12502046249
+12502046250
+12502046251
+12502046252
+12502046253
+12502046254
+12502046255
+12502046256
+12502046257
+12502046258
+12502046259
+12502046260
+12502046261
+12502046262
+12502046263
+12502046264
+12502046265
+12502046266
+12502046267
+12502046268
+12502046269
+12502046270
+12502046271
+12502046272
+12502046273
+12502046274
+12502046275
+12502046276
+12502046277
+12502046278
+12502046279
+12502046280
+12502046281
+12502046282
+12502046283
+12502046284
+12502046285
+12502046286
+12502046287
+12502046288
+12502046289
+12502046290
+12502046291
+12502046292
+12502046293
+12502046294
+12502046295
+12502046296
+12502046297
+12502046298
+12502046299
+12502046300
+12502046301
+12502046302
+12502046303
+12502046304
+12502046305
+12502046306
+12502046307
+12502046308
+12502046309
+12502046310
+12502046311
+12502046312
+12502046313
+12502046314
+12502046315
+12502046316
+12502046317
+12502046318
+12502046319
+12502046320
+12502046321
+12502046322
+12502046323
+12502046324
+12502046325
+12502046326
+12502046327
+12502046328
+12502046329
+12502046330
+12502046331
+12502046332
+12502046333
+12502046334
+12502046335
+12502046336
+12502046337
+12502046338
+12502046339
+12502046340
+12502046341
+12502046342
+12502046343
+12502046344
+12502046345
+12502046346
+12502046347
+12502046348
+12502046349
+12502046350
+12502046351
+12502046352
+12502046353
+12502046354
+12502046355
+12502046356
+12502046357
+12502046358
+12502046359
+12502046360
+12502046361
+12502046362
+12502046363
+12502046364
+12502046365
+12502046366
+12502046367
+12502046368
+12502046369
+12502046370
+12502046371
+12502046372
+12502046373
+12502046374
+12502046375
+12502046376
+12502046377
+12502046378
+12502046379
+12502046380
+12502046381
+12502046382
+12502046383
+12502046384
+12502046385
+12502046386
+12502046387
+12502046388
+12502046389
+12502046390
+12502046391
+12502046392
+12502046393
+12502046394
+12502046395
+12502046396
+12502046397
+12502046398
+12502046399
+12502046400
+12502046401
+12502046402
+12502046403
+12502046404
+12502046405
+12502046406
+12502046407
+12502046408
+12502046409
+12502046410
+12502046411
+12502046412
+12502046413
+12502046414
+12502046415
+12502046416
+12502046417
+12502046418
+12502046419
+12502046420
+12502046421
+12502046422
+12502046423
+12502046424
+12502046425
+12502046426
+12502046427
+12502046428
+12502046429
+12502046430
+12502046431
+12502046432
+12502046433
+12502046434
+12502046435
+12502046436
+12502046437
+12502046438
+12502046439
+12502046440
+12502046441
+12502046442
+12502046443
+12502046444
+12502046445
+12502046446
+12502046447
+12502046448
+12502046449
+12502046450
+12502046451
+12502046452
+12502046453
+12502046454
+12502046455
+12502046456
+12502046457
+12502046458
+12502046459
+12502046460
+12502046461
+12502046462
+12502046463
+12502046464
+12502046465
+12502046466
+12502046467
+12502046468
+12502046469
+12502046470
+12502046471
+12502046472
+12502046473
+12502046474
+12502046475
+12502046476
+12502046477
+12502046478
+12502046479
+12502046480
+12502046481
+12502046482
+12502046483
+12502046484
+12502046485
+12502046486
+12502046487
+12502046488
+12502046489
+12502046490
+12502046491
+12502046492
+12502046493
+12502046494
+12502046495
+12502046496
+12502046497
+12502046498
+12502046499
+12502046500
+12502046501
+12502046502
+12502046503
+12502046504
+12502046505
+12502046506
+12502046507
+12502046508
+12502046509
+12502046510
+12502046511
+12502046512
+12502046513
+12502046514
+12502046515
+12502046516
+12502046517
+12502046518
+12502046519
+12502046520
+12502046521
+12502046522
+12502046523
+12502046524
+12502046525
+12502046526
+12502046527
+12502046528
+12502046529
+12502046530
+12502046531
+12502046532
+12502046533
+12502046534
+12502046535
+12502046536
+12502046537
+12502046538
+12502046539
+12502046540
+12502046541
+12502046542
+12502046543
+12502046544
+12502046545
+12502046546
+12502046547
+12502046548
+12502046549
+12502046550
+12502046551
+12502046552
+12502046553
+12502046554
+12502046555
+12502046556
+12502046557
+12502046558
+12502046559
+12502046560
+12502046561
+12502046562
+12502046563
+12502046564
+12502046565
+12502046566
+12502046567
+12502046568
+12502046569
+12502046570
+12502046571
+12502046572
+12502046573
+12502046574
+12502046575
+12502046576
+12502046577
+12502046578
+12502046579
+12502046580
+12502046581
+12502046582
+12502046583
+12502046584
+12502046585
+12502046586
+12502046587
+12502046588
+12502046589
+12502046590
+12502046591
+12502046592
+12502046593
+12502046594
+12502046595
+12502046596
+12502046597
+12502046598
+12502046599
+12502046600
+12502046601
+12502046602
+12502046603
+12502046604
+12502046605
+12502046606
+12502046607
+12502046608
+12502046609
+12502046610
+12502046611
+12502046612
+12502046613
+12502046614
+12502046615
+12502046616
+12502046617
+12502046618
+12502046619
+12502046620
+12502046621
+12502046622
+12502046623
+12502046624
+12502046625
+12502046626
+12502046627
+12502046628
+12502046629
+12502046630
+12502046631
+12502046632
+12502046633
+12502046634
+12502046635
+12502046636
+12502046637
+12502046638
+12502046639
+12502046640
+12502046641
+12502046642
+12502046643
+12502046644
+12502046645
+12502046646
+12502046647
+12502046648
+12502046649
+12502046650
+12502046651
+12502046652
+12502046653
+12502046654
+12502046655
+12502046656
+12502046657
+12502046658
+12502046659
+12502046660
+12502046661
+12502046662
+12502046663
+12502046664
+12502046665
+12502046666
+12502046667
+12502046668
+12502046669
+12502046670
+12502046671
+12502046672
+12502046673
+12502046674
+12502046675
+12502046676
+12502046677
+12502046678
+12502046679
+12502046680
+12502046681
+12502046682
+12502046683
+12502046684
+12502046685
+12502046686
+12502046687
+12502046688
+12502046689
+12502046690
+12502046691
+12502046692
+12502046693
+12502046694
+12502046695
+12502046696
+12502046697
+12502046698
+12502046699
+12502046700
+12502046701
+12502046702
+12502046703
+12502046704
+12502046705
+12502046706
+12502046707
+12502046708
+12502046709
+12502046710
+12502046711
+12502046712
+12502046713
+12502046714
+12502046715
+12502046716
+12502046717
+12502046718
+12502046719
+12502046720
+12502046721
+12502046722
+12502046723
+12502046724
+12502046725
+12502046726
+12502046727
+12502046728
+12502046729
+12502046730
+12502046731
+12502046732
+12502046733
+12502046734
+12502046735
+12502046736
+12502046737
+12502046738
+12502046739
+12502046740
+12502046741
+12502046742
+12502046743
+12502046744
+12502046745
+12502046746
+12502046747
+12502046748
+12502046749
+12502046750
+12502046751
+12502046752
+12502046753
+12502046754
+12502046755
+12502046756
+12502046757
+12502046758
+12502046759
+12502046760
+12502046761
+12502046762
+12502046763
+12502046764
+12502046765
+12502046766
+12502046767
+12502046768
+12502046769
+12502046770
+12502046771
+12502046772
+12502046773
+12502046774
+12502046775
+12502046776
+12502046777
+12502046778
+12502046779
+12502046780
+12502046781
+12502046782
+12502046783
+12502046784
+12502046785
+12502046786
+12502046787
+12502046788
+12502046789
+12502046790
+12502046791
+12502046792
+12502046793
+12502046794
+12502046795
+12502046796
+12502046797
+12502046798
+12502046799
+12502046800
+12502046801
+12502046802
+12502046803
+12502046804
+12502046805
+12502046806
+12502046807
+12502046808
+12502046809
+12502046810
+12502046811
+12502046812
+12502046813
+12502046814
+12502046815
+12502046816
+12502046817
+12502046818
+12502046819
+12502046820
+12502046821
+12502046822
+12502046823
+12502046824
+12502046825
+12502046826
+12502046827
+12502046828
+12502046829
+12502046830
+12502046831
+12502046832
+12502046833
+12502046834
+12502046835
+12502046836
+12502046837
+12502046838
+12502046839
+12502046840
+12502046841
+12502046842
+12502046843
+12502046844
+12502046845
+12502046846
+12502046847
+12502046848
+12502046849
+12502046850
+12502046851
+12502046852
+12502046853
+12502046854
+12502046855
+12502046856
+12502046857
+12502046858
+12502046859
+12502046860
+12502046861
+12502046862
+12502046863
+12502046864
+12502046865
+12502046866
+12502046867
+12502046868
+12502046869
+12502046870
+12502046871
+12502046872
+12502046873
+12502046874
+12502046875
+12502046876
+12502046877
+12502046878
+12502046879
+12502046880
+12502046881
+12502046882
+12502046883
+12502046884
+12502046885
+12502046886
+12502046887
+12502046888
+12502046889
+12502046890
+12502046891
+12502046892
+12502046893
+12502046894
+12502046895
+12502046896
+12502046897
+12502046898
+12502046899
+12502046900
+12502046901
+12502046902
+12502046903
+12502046904
+12502046905
+12502046906
+12502046907
+12502046908
+12502046909
+12502046910
+12502046911
+12502046912
+12502046913
+12502046914
+12502046915
+12502046916
+12502046917
+12502046918
+12502046919
+12502046920
+12502046921
+12502046922
+12502046923
+12502046924
+12502046925
+12502046926
+12502046927
+12502046928
+12502046929
+12502046930
+12502046931
+12502046932
+12502046933
+12502046934
+12502046935
+12502046936
+12502046937
+12502046938
+12502046939
+12502046940
+12502046941
+12502046942
+12502046943
+12502046944
+12502046945
+12502046946
+12502046947
+12502046948
+12502046949
+12502046950
+12502046951
+12502046952
+12502046953
+12502046954
+12502046955
+12502046956
+12502046957
+12502046958
+12502046959
+12502046960
+12502046961
+12502046962
+12502046963
+12502046964
+12502046965
+12502046966
+12502046967
+12502046968
+12502046969
+12502046970
+12502046971
+12502046972
+12502046973
+12502046974
+12502046975
+12502046976
+12502046977
+12502046978
+12502046979
+12502046980
+12502046981
+12502046982
+12502046983
+12502046984
+12502046985
+12502046986
+12502046987
+12502046988
+12502046989
+12502046990
+12502046991
+12502046992
+12502046993
+15141111111
+12502046994
+12502046995
+12502046996
+12502046997
+12502046998
+12502046999
+12502047000
+12502047001
+12502047002
+12502047003
+12502047004
+12502047005
+12502047006
+12502047007
+12502047008
+12502047009
+12502047010
+12502047011
+12502047012
+12502047013
+12502047014
+12502047015
+12502047016
+12502047017
+12502047018
+12502047019
+12502047020
+12502047021
+12502047022
+12502047023
+12502047024
+12502047025
+12502047026
+12502047027
+12502047028
+12502047029
+12502047030
+12502047031
+12502047032
+12502047033
+12502047034
+12502047035
+12502047036
+12502047037
+12502047038
+12502047039
+12502047040
+12502047041
+12502047042
+12502047043
+12502047044
+12502047045
+12502047046
+12502047047
+12502047048
+12502047049
+12502047050
+12502047051
+12502047052
+12502047053
+12502047054
+12502047055
+12502047056
+12502047057
+12502047058
+12502047059
+12502047060
+12502047061
+12502047062
+12502047063
+12502047064
+12502047065
+12502047066
+12502047067
+12502047068
+12502047069
+12502047070
+12502047071
+12502047072
+12502047073
+12502047074
+12502047075
+12502047076
+12502047077
+12502047078
+12502047079
+12502047080
+12502047081
+12502047082
+12502047083
+12502047084
+12502047085
+12502047086
+12502047087
+12502047088
+12502047089
+12502047090
+12502047091
+12502047092
+12502047093
+12502047094
+12502047095
+12502047096
+12502047097
+12502047098
+12502047099
+12502047100
+12502047101
+12502047102
+12502047103
+12502047104
+12502047105
+12502047106
+12502047107
+12502047108
+12502047109
+12502047110
+12502047111
+12502047112
+12502047113
+12502047114
+12502047115
+12502047116
+12502047117
+12502047118
+12502047119
+12502047120
+12502047121
+12502047122
+12502047123
+12502047124
+12502047125
+12502047126
+12502047127
+12502047128
+12502047129
+12502047130
+12502047131
+12502047132
+12502047133
+12502047134
+12502047135
+12502047136
+12502047137
+12502047138
+12502047139
+12502047140
+12502047141
+12502047142
+12502047143
+12502047144
+12502047145
+12502047146
+12502047147
+12502047148
+12502047149
+12502047150
+12502047151
+12502047152
+12502047153
+12502047154
+12502047155
+12502047156
+12502047157
+12502047158
+12502047159
+12502047160
+12502047161
+12502047162
+12502047163
+12502047164
+12502047165
+12502047166
+12502047167
+12502047168
+12502047169
+12502047170
+12502047171
+12502047172
+12502047173
+12502047174
+12502047175
+12502047176
+12502047177
+12502047178
+12502047179
+12502047180
+12502047181
+12502047182
+12502047183
+12502047184
+12502047185
+12502047186
+12502047187
+12502047188
+12502047189
+12502047190
+12502047191
+12502047192
+12502047193
+12502047194
+12502047195
+12502047196
+12502047197
+12502047198
+12502047199
+12502047200
+12502047201
+12502047202
+12502047203
+12502047204
+12502047205
+12502047206
+12502047207
+12502047208
+12502047209
+12502047210
+12502047211
+12502047212
+12502047213
+12502047214
+12502047215
+12502047216
+12502047217
+12502047218
+12502047219
+12502047220
+12502047221
+12502047222
+12502047223
+12502047224
+12502047225
+12502047226
+12502047227
+12502047228
+12502047229
+12502047230
+12502047231
+12502047232
+12502047233
+12502047234
+12502047235
+12502047236
+12502047237
+12502047238
+12502047239
+12502047240
+12502047241
+12502047242
+12502047243
+12502047244
+12502047245
+12502047246
+12502047247
+12502047248
+12502047249
+12502047250
+12502047251
+12502047252
+12502047253
+12502047254
+12502047255
+12502047256
+12502047257
+12502047258
+12502047259
+12502047260
+12502047261
+12502047262
+12502047263
+12502047264
+12502047265
+12502047266
+12502047267
+12502047268
+12502047269
+12502047270
+12502047271
+12502047272
+12502047273
+12502047274
+12502047275
+12502047276
+12502047277
+12502047278
+12502047279
+12502047280
+12502047281
+12502047282
+12502047283
+12502047284
+12502047285
+12502047286
+12502047287
+12502047288
+12502047289
+12502047290
+12502047291
+12502047292
+12502047293
+12502047294
+12502047295
+12502047296
+12502047297
+12502047298
+12502047299
+12502047300
+12502047301
+12502047302
+12502047303
+12502047304
+12502047305
+12502047306
+12502047307
+12502047308
+12502047309
+12502047310
+12502047311
+12502047312
+12502047313
+12502047314
+12502047315
+12502047316
+12502047317
+12502047318
+12502047319
+12502047320
+12502047321
+12502047322
+12502047323
+12502047324
+12502047325
+12502047326
+12502047327
+12502047328
+12502047329
+12502047330
+12502047331
+12502047332
+12502047333
+12502047334
+12502047335
+12502047336
+12502047337
+12502047338
+12502047339
+12502047340
+12502047341
+12502047342
+12502047343
+12502047344
+12502047345
+12502047346
+12502047347
+12502047348
+12502047349
+12502047350
+12502047351
+12502047352
+12502047353
+12502047354
+12502047355
+12502047356
+12502047357
+12502047358
+12502047359
+12502047360
+12502047361
+12502047362
+12502047363
+12502047364
+12502047365
+12502047366
+12502047367
+12502047368
+12502047369
+12502047370
+12502047371
+12502047372
+12502047373
+12502047374
+12502047375
+12502047376
+12502047377
+12502047378
+12502047379
+12502047380
+12502047381
+12502047382
+12502047383
+12502047384
+12502047385
+12502047386
+12502047387
+12502047388
+12502047389
+12502047390
+12502047391
+12502047392
+12502047393
+12502047394
+12502047395
+12502047396
+12502047397
+12502047398
+12502047399
+12502047400
+12502047401
+12502047402
+12502047403
+12502047404
+12502047405
+12502047406
+12502047407
+12502047408
+12502047409
+12502047410
+12502047411
+12502047412
+12502047413
+12502047414
+12502047415
+12502047416
+12502047417
+12502047418
+12502047419
+12502047420
+12502047421
+12502047422
+12502047423
+12502047424
+12502047425
+12502047426
+12502047427
+12502047428
+12502047429
+12502047430
+12502047431
+12502047432
+12502047433
+12502047434
+12502047435
+12502047436
+12502047437
+12502047438
+12502047439
+12502047440
+12502047441
+12502047442
+12502047443
+12502047444
+12502047445
+12502047446
+12502047447
+12502047448
+12502047449
+12502047450
+12502047451
+12502047452
+12502047453
+12502047454
+12502047455
+12502047456
+12502047457
+12502047458
+12502047459
+12502047460
+12502047461
+12502047462
+12502047463
+12502047464
+12502047465
+12502047466
+12502047467
+12502047468
+12502047469
+12502047470
+12502047471
+12502047472
+12502047473
+12502047474
+12502047475
+12502047476
+12502047477
+12502047478
+12502047479
+12502047480
+12502047481
+12502047482
+12502047483
+12502047484
+12502047485
+12502047486
+12502047487
+12502047488
+12502047489
+12502047490
+12502047491
+12502047492
+12502047493
+12502047494
+12502047495
+12502047496
+12502047497
+12502047498
+15141111111
